[2.309827721441902, 48.896374754451372] 0.000000000000000 [2.310008278998380, 48.896444670419420] 0.000000000000000 
[2.316586593586420, 48.892674621726194] 0.000000000000000 [2.316378399360930, 48.892792354726666] 0.000000000000000 
[2.304029558155276, 48.889620957732497] 0.000000000000000 [2.304045053255817, 48.889741492213282] 0.000000000000000 [2.304012932209874, 48.889872040042455] 0.000000000000000 [2.303944130072167, 48.889914735948480] 0.000000000000000 
[2.298144723761798, 48.890069141122673] 0.000000000000000 [2.297637758961842, 48.889803583248977] 0.000000000000000 [2.297025187389114, 48.889612106003149] 0.000000000000000 
[2.301572636763961, 48.891846732293160] 0.000000000000000 [2.301644054473475, 48.891890827350089] 0.000000000000000 [2.302083623267112, 48.892212550500830] 0.000000000000000 [2.303062545949673, 48.892809599657475] 0.000000000000000 [2.303444150218963, 48.893200985423860] 0.000000000000000 
[2.317116431052110, 48.893365005553754] 0.000000000000000 [2.317393279459597, 48.893732216902556] 0.000000000000000 
[2.303469576293360, 48.889958034656345] 0.000000000000000 [2.302890649495612, 48.889669630574822] 0.000000000000000 
[2.301153546818729, 48.890066784924997] 0.000000000000000 [2.300913779613519, 48.890284595832675] 0.000000000000000 
[2.304162830416628, 48.890021298648527] 0.000000000000000 [2.304071626728529, 48.890016506697670] 0.000000000000000 [2.303971000031999, 48.890093366604241] 0.000000000000000 
[2.297146231217778, 48.889510709372935] 0.000000000000000 [2.297182215229901, 48.889362881012730] 0.000000000000000 [2.297162666936152, 48.889268890621956] 0.000000000000000 [2.297083517250162, 48.889149619125547] 0.000000000000000 
[2.300716679930788, 48.889402974797463] 0.000000000000000 [2.300152940644472, 48.889924107123662] 0.000000000000000 
[2.315690470448242, 48.895134520458548] 0.000000000000000 [2.315619743078008, 48.894998905718985] 0.000000000000000 
[2.317415499106585, 48.889260034593654] 0.000000000000000 [2.316669638374004, 48.889700283109725] 0.000000000000000 
[2.311789690495686, 48.890574320383614] 0.000000000000000 [2.311905953630128, 48.890623778843270] 0.000000000000000 [2.312504397051339, 48.891091582882893] 0.000000000000000 
[2.310344795780205, 48.889478007510284] 0.000000000000000 [2.311292807451507, 48.890231291122831] 0.000000000000000 
[2.308726390458210, 48.896324726690771] 0.000000000000000 [2.308673181115179, 48.896379929348399] 0.000000000000000 
[2.310322306214459, 48.896928436126309] 0.000000000000000 [2.310281821389366, 48.896986411606683] 0.000000000000000 
[2.299033484531944, 48.890430046184861] 0.000000000000000 [2.299682672522561, 48.890719994899001] 0.000000000000000 [2.301061237852514, 48.891571603831785] 0.000000000000000 [2.301572636763961, 48.891846732293160] 0.000000000000000 
[2.295697733905741, 48.890088055710663] 0.000000000000000 [2.295618794255981, 48.890162198840017] 0.000000000000000 
[2.301572636763961, 48.891846732293160] 0.000000000000000 [2.301412271358103, 48.891882096394617] 0.000000000000000 [2.301344697292117, 48.891936383055665] 0.000000000000000 
[2.317651800721610, 48.893194133365348] 0.000000000000000 [2.318086363256041, 48.893785207572613] 0.000000000000000 
[2.301059190006783, 48.892329071902232] 0.000000000000000 [2.302763101312811, 48.893135049413246] 0.000000000000000 [2.303317127136851, 48.893295012972629] 0.000000000000000 
[2.311789690614547, 48.890574311391028] 0.000000000000000 [2.311515100616040, 48.890730563951571] 0.000000000000000 [2.311240900805794, 48.890920601338962] 0.000000000000000 [2.310728988033699, 48.891275503391768] 0.000000000000000 [2.310468690077625, 48.891495785087514] 0.000000000000000 
[2.313365260548647, 48.889573621043780] 0.000000000000000 [2.313445760043101, 48.889632485888612] 0.000000000000000 
[2.313374527769601, 48.889672993271390] 0.000000000000000 [2.312074264922628, 48.890412376939892] 0.000000000000000 [2.311789690495686, 48.890574320383614] 0.000000000000000 
[2.313256744022799, 48.894239389834240] 0.000000000000000 [2.312825931247991, 48.894068278072226] 0.000000000000000 [2.311799976908403, 48.893661139219461] 0.000000000000000 
[2.313624547369364, 48.894385479408349] 0.000000000000000 [2.313491078350104, 48.894332467206937] 0.000000000000000 
[2.308730386622978, 48.889752563249402] 0.000000000000000 [2.308361229840302, 48.889792751222949] 0.000000000000000 [2.308202055340925, 48.889931983033584] 0.000000000000000 [2.307998999203385, 48.890042282355175] 0.000000000000000 [2.307916702998823, 48.890056722086712] 0.000000000000000 [2.307760364455475, 48.890033167001022] 0.000000000000000 [2.307669850895631, 48.890036759025023] 0.000000000000000 [2.307513447034629, 48.890123544515177] 0.000000000000000 [2.307228125699203, 48.890190396845817] 0.000000000000000 
[2.297618561134275, 48.889420575670698] 0.000000000000000 [2.297447166682218, 48.889388871548185] 0.000000000000000 [2.297270797683283, 48.889437272765647] 0.000000000000000 [2.297146231217778, 48.889510709372935] 0.000000000000000 
[2.310008278998380, 48.896444670419420] 0.000000000000000 [2.310478349426163, 48.896629389951194] 0.000000000000000 
[2.306559050613455, 48.891318588810357] 0.000000000000000 [2.306445257318285, 48.891364719082013] 0.000000000000000 
[2.310396221958984, 48.896742599521524] 0.000000000000000 [2.310322306214459, 48.896928436126309] 0.000000000000000 
[2.310396221958984, 48.896742599521524] 0.000000000000000 [2.309855637564667, 48.896531801285548] 0.000000000000000 
[2.303797710987405, 48.890131716510503] 0.000000000000000 [2.303717481887142, 48.890091729922638] 0.000000000000000 
[2.316628095288016, 48.895233876388545] 0.000000000000000 [2.316461288141096, 48.895015018389465] 0.000000000000000 
[2.306733735579432, 48.891545926756983] 0.000000000000000 [2.306470591569053, 48.891416982726362] 0.000000000000000 [2.306445257318285, 48.891364719082013] 0.000000000000000 
[2.304209861716238, 48.888994573289338] 0.000000000000000 [2.304021535991525, 48.888968081740551] 0.000000000000000 [2.302820124757453, 48.888350480880632] 0.000000000000000 [2.302322545904081, 48.888108698069466] 0.000000000000000 
[2.298127810128602, 48.889899441980489] 0.000000000000000 [2.298674856434704, 48.890186394609877] 0.000000000000000 [2.299033484531944, 48.890430046184861] 0.000000000000000 
[2.317133884170520, 48.892348557586018] 0.000000000000000 [2.316586593586420, 48.892674621726194] 0.000000000000000 
[2.303027485904847, 48.890707704611899] 0.000000000000000 [2.302548913582838, 48.891065573831483] 0.000000000000000 
[2.304844616790708, 48.890845468455950] 0.000000000000000 [2.304527754436460, 48.891127069670837] 0.000000000000000 [2.303732727099018, 48.891724224634075] 0.000000000000000 
[2.317133884170520, 48.892348557586018] 0.000000000000000 [2.317141425910835, 48.892486381731516] 0.000000000000000 [2.317610112216978, 48.893113983618555] 0.000000000000000 [2.317651800721610, 48.893194133365348] 0.000000000000000 
[2.310478349426163, 48.896629389951194] 0.000000000000000 [2.310396221958984, 48.896742599521524] 0.000000000000000 
[2.317210283856835, 48.890259814299831] 0.000000000000000 [2.317337456322600, 48.890389691744204] 0.000000000000000 
[2.303806508061413, 48.890009282701364] 0.000000000000000 [2.303634238224919, 48.889911373815728] 0.000000000000000 [2.303571867413500, 48.889880861980288] 0.000000000000000 
[2.298876597539084, 48.890503636164340] 0.000000000000000 [2.299234200507033, 48.891006899166506] 0.000000000000000 [2.300632149866004, 48.891983868381580] 0.000000000000000 [2.301059190006783, 48.892329071902232] 0.000000000000000 
[2.310011905550830, 48.896272100474768] 0.000000000000000 [2.310189994760577, 48.896340944350840] 0.000000000000000 
[2.317559446896890, 48.893950229347190] 0.000000000000000 [2.318039968169839, 48.894564422389273] 0.000000000000000 [2.318329032735635, 48.894687444468659] 0.000000000000000 [2.318503589672417, 48.894808568677711] 0.000000000000000 
[2.310265287119579, 48.895877385809889] 0.000000000000000 [2.310962170894657, 48.894966271088215] 0.000000000000000 
[2.310962170894657, 48.894966271088215] 0.000000000000000 [2.311590793997977, 48.895178648212088] 0.000000000000000 
[2.316930244553364, 48.892070457844220] 0.000000000000000 [2.316597993873561, 48.891846813578610] 0.000000000000000 
[2.316057036603475, 48.892974077339581] 0.000000000000000 [2.315806892297789, 48.893117017022234] 0.000000000000000 
[2.308993293180104, 48.889112926891009] 0.000000000000000 [2.308875292996865, 48.889349740606384] 0.000000000000000 
[2.308993293180104, 48.889112926891009] 0.000000000000000 [2.309042909006707, 48.889153226147528] 0.000000000000000 [2.309054008625586, 48.889203399898420] 0.000000000000000 [2.309055785362096, 48.889342886142373] 0.000000000000000 [2.309072468772396, 48.889382035756817] 0.000000000000000 
[2.301572636763961, 48.891846732293160] 0.000000000000000 [2.301539068727396, 48.891949671357786] 0.000000000000000 [2.301473845381485, 48.892017627184103] 0.000000000000000 
[2.301371616959902, 48.892185329092342] 0.000000000000000 [2.301303032932915, 48.892145928719557] 0.000000000000000 
[2.303732727099018, 48.891724224634075] 0.000000000000000 [2.303517750097325, 48.891891149533997] 0.000000000000000 
[2.313983208539484, 48.894516386123549] 0.000000000000000 [2.314079825786338, 48.894423374801889] 0.000000000000000 
[2.310011905550830, 48.896272100474768] 0.000000000000000 [2.309827721441902, 48.896374754451372] 0.000000000000000 
[2.310011905550830, 48.896272100474768] 0.000000000000000 [2.309701875914316, 48.896072991558810] 0.000000000000000 
[2.306733735579432, 48.891545926756983] 0.000000000000000 [2.306669378493428, 48.891589426017340] 0.000000000000000 [2.306101831270622, 48.891935317543968] 0.000000000000000 
[2.303666019488397, 48.889779791681754] 0.000000000000000 [2.303571867413500, 48.889880861980288] 0.000000000000000 
[2.303952790198955, 48.893237965389424] 0.000000000000000 [2.302678988892275, 48.892450595779742] 0.000000000000000 
[2.316057036603475, 48.892974077339581] 0.000000000000000 [2.316137151757608, 48.893059199137085] 0.000000000000000 [2.316340312082107, 48.893211113891084] 0.000000000000000 [2.316666075429243, 48.893510206334952] 0.000000000000000 [2.317050282715267, 48.893847401830968] 0.000000000000000 [2.317344119286593, 48.893752460146864] 0.000000000000000 [2.317393279459597, 48.893732216902556] 0.000000000000000 
[2.314614429343066, 48.893792601014610] 0.000000000000000 [2.314200196783391, 48.893539177610599] 0.000000000000000 
[2.315587821916464, 48.893242192244124] 0.000000000000000 [2.315558300878992, 48.893259066621766] 0.000000000000000 [2.315555708596439, 48.893260586053358] 0.000000000000000 [2.315554631036056, 48.893261214817755] 0.000000000000000 [2.315547796377475, 48.893265170553946] 0.000000000000000 [2.315523242272621, 48.893279374438379] 0.000000000000000 [2.315463627006810, 48.893314075859337] 0.000000000000000 [2.315421884455723, 48.893335479486041] 0.000000000000000 
[2.307439257290329, 48.889255249013154] 0.000000000000000 [2.304561840404868, 48.890218226873309] 0.000000000000000 
[2.303517750097325, 48.891891149533997] 0.000000000000000 [2.303715136364370, 48.892006601001555] 0.000000000000000 
[2.312860675860882, 48.894614639717894] 0.000000000000000 [2.312202657494376, 48.895013797979807] 0.000000000000000 [2.312264643032477, 48.895157335288282] 0.000000000000000 
[2.313766664104448, 48.894437342213415] 0.000000000000000 [2.313624547369364, 48.894385479408349] 0.000000000000000 
[2.299033484531944, 48.890430046184861] 0.000000000000000 [2.301259441862251, 48.891886608763436] 0.000000000000000 
[2.317653700511730, 48.895003484970900] 0.000000000000000 [2.316814011340039, 48.895186966370602] 0.000000000000000 [2.316628095288016, 48.895233876388545] 0.000000000000000 
[2.317753164006286, 48.897233631578750] 0.000000000000000 [2.317637506679628, 48.897364314021345] 0.000000000000000 
[2.315690470448242, 48.895134520458548] 0.000000000000000 [2.315567585222826, 48.895165585889323] 0.000000000000000 [2.315350316738769, 48.895139763633054] 0.000000000000000 [2.314120577590873, 48.894690252348830] 0.000000000000000 
[2.313491078350104, 48.894332467206937] 0.000000000000000 [2.313491309321678, 48.894332224814178] 0.000000000000000 [2.313493314929699, 48.894330211033846] 0.000000000000000 [2.313495389748649, 48.894328223730632] 0.000000000000000 [2.313497532284147, 48.894326272788561] 0.000000000000000 [2.313499742536291, 48.894324358207612] 0.000000000000000 [2.313502020516936, 48.894322479088544] 0.000000000000000 [2.313504367708394, 48.894320626446543] 0.000000000000000 [2.313506768966393, 48.894318810986753] 0.000000000000000 [2.313509237952885, 48.894317030988809] 0.000000000000000 [2.313511775913040, 48.894315295453083] 0.000000000000000 [2.313514354431924, 48.894313587129552] 0.000000000000000 [2.313517014068537, 48.894311933230398] 0.000000000000000 [2.313519715509051, 48.894310315543812] 0.000000000000000 [2.313522471039922, 48.894308733240869] 0.000000000000000 [2.313525295544459, 48.894307195400138] 0.000000000000000 [2.313528160358733, 48.894305703655945] 0.000000000000000 [2.313531079144697, 48.894304256287938] 0.000000000000000 [2.313534039734677, 48.894302845132458] 0.000000000000000 [2.313537067697354, 48.894301496416475] 0.000000000000000 [2.313540123932627, 48.894300175741584] 0.000000000000000 [2.313543234021040, 48.894298908435381] 0.000000000000000 [2.313546384442931, 48.894297685427198] 0.000000000000000 [2.313549576538331, 48.894296508523340] 0.000000000000000 [2.313552810212601, 48.894295384917889] 0.000000000000000 [2.313556084089944, 48.894294315502243] 0.000000000000000 [2.313559398288931, 48.894293291283837] 0.000000000000000 [2.313562740547139, 48.894292311293050] 0.000000000000000 [2.313566109251649, 48.894291394406473] 0.000000000000000 [2.313569519760130, 48.894290513732393] 0.000000000000000 [2.313572956715133, 48.894289696162467] 0.000000000000000 [2.313576421480208, 48.894288941704581] 0.000000000000000 [2.313579913165966, 48.894288214380630] 0.000000000000000 [2.313583431310031, 48.894287549261591] 0.000000000000000 [2.313586964989811, 48.894286947184149] 0.000000000000000 [2.313590523989439, 48.894286390217999] 0.000000000000000 [2.313594098631505, 48.894285888200137] 0.000000000000000 [2.313597684860361, 48.894285438409440] 0.000000000000000 [2.313601285367937, 48.894285043559194] 0.000000000000000 [2.313604913567217, 48.894284720813523] 0.000000000000000 [2.313608541410889, 48.894284425045427] 0.000000000000000 [2.313612183201257, 48.894284209397028] 0.000000000000000 [2.313615824624182, 48.894284021625410] 0.000000000000000 [2.313619480112584, 48.894283904980952] 0.000000000000000 [2.313623121239471, 48.894283843112795] 0.000000000000000 [2.313626340210948, 48.894283834583049] 0.000000000000000 
[2.303970195387517, 48.890093672195384] 0.000000000000000 [2.303861609575795, 48.890162238000109] 0.000000000000000 
[2.297083517250162, 48.889149619125547] 0.000000000000000 [2.296911335358176, 48.889079866137443] 0.000000000000000 [2.294764624249257, 48.887739537147461] 0.000000000000000 [2.294764515682656, 48.887739195661410] 0.000000000000000 
[2.301303032932915, 48.892145928719557] 0.000000000000000 [2.301059190006783, 48.892329071902232] 0.000000000000000 
[2.302478199228758, 48.892327083740049] 0.000000000000000 [2.302144225789263, 48.892121660669012] 0.000000000000000 [2.301572636763961, 48.891846732293160] 0.000000000000000 
[2.315651186003200, 48.894381405662635] 0.000000000000000 [2.315926924822078, 48.894430340400746] 0.000000000000000 [2.316294827564046, 48.894391818083875] 0.000000000000000 [2.316947298958712, 48.894523378536945] 0.000000000000000 [2.317854412580413, 48.894958418518158] 0.000000000000000 
[2.312264643032477, 48.895157335288282] 0.000000000000000 [2.312290454332925, 48.895142674355569] 0.000000000000000 [2.313219753136063, 48.894615234556369] 0.000000000000000 
[2.303806508061413, 48.890009282701364] 0.000000000000000 [2.303717481887142, 48.890091729922638] 0.000000000000000 
[2.302548913582838, 48.891065573831483] 0.000000000000000 [2.301896024276410, 48.891587983052467] 0.000000000000000 
[2.313300625754272, 48.894139786804047] 0.000000000000000 [2.312103407237265, 48.893653254459586] 0.000000000000000 [2.311799976908403, 48.893661139219461] 0.000000000000000 
[2.313148522035755, 48.894323045734382] 0.000000000000000 [2.312591557971785, 48.894113965800955] 0.000000000000000 
[2.311825128676542, 48.895407591354534] 0.000000000000000 [2.310883083766686, 48.895945340244609] 0.000000000000000 
[2.308726390458210, 48.896324726690771] 0.000000000000000 [2.308459011492887, 48.896202414707872] 0.000000000000000 [2.307121546051237, 48.895711182524195] 0.000000000000000 [2.306475365726136, 48.895391673344626] 0.000000000000000 [2.305940616494774, 48.895101542521466] 0.000000000000000 
[2.309603178061765, 48.896675896109421] 0.000000000000000 [2.309560038884459, 48.896697522529614] 0.000000000000000 [2.309544048242123, 48.896708265376184] 0.000000000000000 
[2.301303032932915, 48.892145928719557] 0.000000000000000 [2.301177935859688, 48.892064757520828] 0.000000000000000 
[2.303337690785330, 48.892030961020900] 0.000000000000000 [2.303038911486504, 48.892208850384790] 0.000000000000000 [2.302852204183714, 48.892273956709566] 0.000000000000000 [2.302737985996384, 48.892313014964614] 0.000000000000000 
[2.317854412580413, 48.894958418518158] 0.000000000000000 [2.317653700511730, 48.895003484970900] 0.000000000000000 
[2.301259441862251, 48.891886608763436] 0.000000000000000 [2.301344697292117, 48.891936383055665] 0.000000000000000 
[2.310883083766686, 48.895945340244609] 0.000000000000000 [2.310612299029322, 48.896501705468886] 0.000000000000000 
[2.316466792259387, 48.898761795928657] 0.000000000000000 [2.316639464332306, 48.898813264646712] 0.000000000000000 [2.319323682122516, 48.899608630194166] 0.000000000000000 
[2.311920142309481, 48.895125490725711] 0.000000000000000 [2.311925637593278, 48.895209295192764] 0.000000000000000 [2.311878691755077, 48.895266164867067] 0.000000000000000 [2.311827216720120, 48.895324022031140] 0.000000000000000 [2.311825128676542, 48.895407591354534] 0.000000000000000 
[2.303337690785330, 48.892030961020900] 0.000000000000000 [2.304130855343485, 48.892511176423710] 0.000000000000000 
[2.306101831270622, 48.891935317543968] 0.000000000000000 [2.304649677345945, 48.892820303848247] 0.000000000000000 
[2.304130855343485, 48.892511176423710] 0.000000000000000 [2.304435773686449, 48.892701360440697] 0.000000000000000 
[2.302548913582838, 48.891065573831483] 0.000000000000000 [2.301960097276317, 48.890790489086129] 0.000000000000000 
[2.307219822188131, 48.895402450268051] 0.000000000000000 [2.307743954419100, 48.895624712962096] 0.000000000000000 [2.309827721441902, 48.896374754451372] 0.000000000000000 
[2.316101362383507, 48.889107380927932] 0.000000000000000 [2.316669638374004, 48.889700283109725] 0.000000000000000 
[2.307890986229302, 48.889095912449832] 0.000000000000000 [2.307439257290329, 48.889255249013154] 0.000000000000000 
[2.316669638374004, 48.889700283109725] 0.000000000000000 [2.317210283856835, 48.890259814299831] 0.000000000000000 
[2.317337456322600, 48.890389691744204] 0.000000000000000 [2.317995877117420, 48.891095775465224] 0.000000000000000 
[2.301865757871302, 48.889199471539548] 0.000000000000000 [2.301880086979469, 48.889571676881687] 0.000000000000000 
[2.303971000031999, 48.890093366604241] 0.000000000000000 [2.304024865224649, 48.890117347325543] 0.000000000000000 [2.304029909165717, 48.890120775204785] 0.000000000000000 
[2.311789690495686, 48.890574320383614] 0.000000000000000 [2.311292807451507, 48.890231291122831] 0.000000000000000 
[2.314135331976986, 48.894075510386770] 0.000000000000000 [2.315067695886543, 48.894269851419800] 0.000000000000000 
[2.316225758022606, 48.898938146357388] 0.000000000000000 [2.316239971740722, 48.898901457906788] 0.000000000000000 [2.316285385809296, 48.898854128755460] 0.000000000000000 [2.316295399476207, 48.898849022025686] 0.000000000000000 
[2.314200196783391, 48.893539177610599] 0.000000000000000 [2.313508617215366, 48.893118475910256] 0.000000000000000 [2.313442684528787, 48.893073022841747] 0.000000000000000 [2.314177806275384, 48.892610149082167] 0.000000000000000 [2.314276970088210, 48.892547893691145] 0.000000000000000 [2.314990139065860, 48.893086840128625] 0.000000000000000 
[2.312752760678844, 48.897508575366849] 0.000000000000000 [2.313501959979944, 48.897799013918991] 0.000000000000000 [2.314257876403843, 48.898065178374530] 0.000000000000000 [2.314937293190141, 48.898305864191649] 0.000000000000000 [2.316466792259387, 48.898761795928657] 0.000000000000000 
[2.315421884455723, 48.893335479486041] 0.000000000000000 [2.315239545807246, 48.893325455409581] 0.000000000000000 [2.314596606394120, 48.893695475381094] 0.000000000000000 [2.314614429343066, 48.893792601014610] 0.000000000000000 
[2.300152940644472, 48.889924107123662] 0.000000000000000 [2.299663942429374, 48.889690867835803] 0.000000000000000 
[2.303571867413500, 48.889880861980288] 0.000000000000000 [2.303177184507411, 48.889687888306163] 0.000000000000000 [2.301364859618823, 48.888827100003780] 0.000000000000000 
[2.312688076927031, 48.897629748365979] 0.000000000000000 [2.312169408552064, 48.897577850175061] 0.000000000000000 [2.310322306214459, 48.896928436126309] 0.000000000000000 
[2.317546854396459, 48.895808048863209] 0.000000000000000 [2.316759497183322, 48.895556442569877] 0.000000000000000 [2.316538255011185, 48.895471683379789] 0.000000000000000 [2.316420037236874, 48.895396249716320] 0.000000000000000 
[2.302890649495612, 48.889669630574822] 0.000000000000000 [2.302073216972901, 48.889281547738968] 0.000000000000000 [2.301865757871302, 48.889199471539548] 0.000000000000000 
[2.315619743078008, 48.894998905718985] 0.000000000000000 [2.314079825786338, 48.894423374801889] 0.000000000000000 
[2.298876597539084, 48.890503636164340] 0.000000000000000 [2.298546864400039, 48.890279966521454] 0.000000000000000 [2.298144723761798, 48.890069141122673] 0.000000000000000 
[2.303317127136851, 48.893295012972629] 0.000000000000000 [2.302822097711542, 48.893018341098845] 0.000000000000000 [2.301371616959902, 48.892185329092342] 0.000000000000000 
[2.316420037236874, 48.895396249716320] 0.000000000000000 [2.316272895802275, 48.895343463023991] 0.000000000000000 
[2.304561840404868, 48.890218226873309] 0.000000000000000 [2.304403713214585, 48.890282794794281] 0.000000000000000 
[2.313935086127478, 48.894614217682950] 0.000000000000000 [2.313983208539484, 48.894516386123549] 0.000000000000000 
[2.313739621504081, 48.894315656187423] 0.000000000000000 [2.313740970613932, 48.894316573135391] 0.000000000000000 [2.313743452898991, 48.894318336545901] 0.000000000000000 [2.313745878674859, 48.894320144598737] 0.000000000000000 [2.313748237149518, 48.894321988238801] 0.000000000000000 [2.313750528429640, 48.894323859372790] 0.000000000000000 [2.313752763319201, 48.894325766156520] 0.000000000000000 [2.313754918621191, 48.894327709356446] 0.000000000000000 [2.313757017532615, 48.894329688206149] 0.000000000000000 [2.313759034259356, 48.894331693564560] 0.000000000000000 [2.313760983673015, 48.894333735409504] 0.000000000000000 [2.313764255329420, 48.894337387426980] 0.000000000000000 [2.313766014212143, 48.894339501025236] 0.000000000000000 [2.313767690910155, 48.894341641132208] 0.000000000000000 [2.313769299168371, 48.894343799732809] 0.000000000000000 [2.313770825111381, 48.894345994733953] 0.000000000000000 [2.313772270233404, 48.894348216251636] 0.000000000000000 [2.313773647164512, 48.894350437378563] 0.000000000000000 [2.313774955537167, 48.894352685991649] 0.000000000000000 [2.313776168086816, 48.894354961035347] 0.000000000000000 [2.313777325834771, 48.894357254650785] 0.000000000000000 [2.313778362072246, 48.894359557462501] 0.000000000000000 [2.313779342167967, 48.894361877039621] 0.000000000000000 [2.313780241418933, 48.894364224931842] 0.000000000000000 [2.313781058840671, 48.894366572355118] 0.000000000000000 [2.313781794314543, 48.894368928302050] 0.000000000000000 [2.313782447828788, 48.894371293671917] 0.000000000000000 [2.313783019158095, 48.894373685550541] 0.000000000000000 [2.313783277369434, 48.894374998244615] 0.000000000000000 
[2.317540522607731, 48.892123078433059] 0.000000000000000 [2.317133884170520, 48.892348557586018] 0.000000000000000 
[2.309072468772396, 48.889382035756817] 0.000000000000000 [2.309397026945033, 48.889640276961501] 0.000000000000000 [2.309406272246702, 48.889690449852786] 0.000000000000000 [2.309306038441060, 48.889763834283009] 0.000000000000000 
[2.306101831270622, 48.891935317543968] 0.000000000000000 [2.305750940173093, 48.891719433654032] 0.000000000000000 
[2.301936490641546, 48.890423667427463] 0.000000000000000 [2.301960097276317, 48.890790489086129] 0.000000000000000 
[2.304225108316594, 48.890336917431355] 0.000000000000000 [2.303861609575795, 48.890162238000109] 0.000000000000000 
[2.303971000031999, 48.890093366604241] 0.000000000000000 [2.303970195387517, 48.890093672195384] 0.000000000000000 
[2.313501903141063, 48.894455094543325] 0.000000000000000 [2.313500607529127, 48.894454051094790] 0.000000000000000 [2.313498372643295, 48.894452144306563] 0.000000000000000 [2.313496205177918, 48.894450192938564] 0.000000000000000 [2.313494104670653, 48.894448232061812] 0.000000000000000 [2.313492060684914, 48.894446225643541] 0.000000000000000 [2.313490111265833, 48.894444184693725] 0.000000000000000 [2.313488216660657, 48.894442124272928] 0.000000000000000 [2.313486389226905, 48.894440038156816] 0.000000000000000 [2.313484645472731, 48.894437915648069] 0.000000000000000 [2.313482982433380, 48.894435774716221] 0.000000000000000 [2.313481387822462, 48.894433616190192] 0.000000000000000 [2.313479860643817, 48.894431412185121] 0.000000000000000 [2.313478416777231, 48.894429199664465] 0.000000000000000 [2.313477053613479, 48.894426969619936] 0.000000000000000 [2.313475758889989, 48.894424721081926] 0.000000000000000 [2.313474559990108, 48.894422446113502] 0.000000000000000 [2.313473428285203, 48.894420143651281] 0.000000000000000 [2.313472379904171, 48.894417831774135] 0.000000000000000 [2.313471412107347, 48.894415511365750] 0.000000000000000 [2.313470513984253, 48.894413182363522] 0.000000000000000 [2.313469710332626, 48.894410826023844] 0.000000000000000 [2.313468988510547, 48.894408470153259] 0.000000000000000 [2.313468348766816, 48.894406095867417] 0.000000000000000 [2.313467789737883, 48.894403703158474] 0.000000000000000 [2.313467313664948, 48.894401328911613] 0.000000000000000 [2.313466919895832, 48.894398919163613] 0.000000000000000 [2.313466606485642, 48.894396517970193] 0.000000000000000 [2.313466389906834, 48.894394117331927] 0.000000000000000 [2.313466241649671, 48.894391707192774] 0.000000000000000 [2.313466187389555, 48.894389305686396] 0.000000000000000 [2.313466216559891, 48.894386886671818] 0.000000000000000 [2.313466326088990, 48.894384476211854] 0.000000000000000 [2.313466518692675, 48.894382075221408] 0.000000000000000 [2.313466791880506, 48.894379665699681] 0.000000000000000 [2.313467147917600, 48.894377282733309] 0.000000000000000 [2.313467599552672, 48.894374890422469] 0.000000000000000 [2.313468119378766, 48.894372498502534] 0.000000000000000 [2.313468733071474, 48.894370125107208] 0.000000000000000 [2.313469348911152, 48.894368002635559] 0.000000000000000 
[2.300716679930788, 48.889402974797463] 0.000000000000000 [2.300844194739353, 48.889449003349938] 0.000000000000000 [2.301087821804197, 48.889564465078081] 0.000000000000000 [2.301124037763580, 48.889590969251159] 0.000000000000000 
[2.313935086127478, 48.894614217682950] 0.000000000000000 [2.313793312982499, 48.894556105858165] 0.000000000000000 [2.313714124192707, 48.894476045707158] 0.000000000000000 
[2.312206016203911, 48.895389659867199] 0.000000000000000 [2.313636968156853, 48.896481819042826] 0.000000000000000 
[2.304649677345945, 48.892820303848247] 0.000000000000000 [2.303952790198955, 48.893237965389424] 0.000000000000000 
[2.310468690077625, 48.891495785087514] 0.000000000000000 [2.309925391894159, 48.891138917707863] 0.000000000000000 
[2.313374527769601, 48.889672993271390] 0.000000000000000 [2.313820749570595, 48.890058853671562] 0.000000000000000 
[2.301259441862251, 48.891886608763436] 0.000000000000000 [2.301093871491236, 48.892007735194589] 0.000000000000000 
[2.301371616959902, 48.892185329092342] 0.000000000000000 [2.301205034550037, 48.892310574057490] 0.000000000000000 [2.301059190006783, 48.892329071902232] 0.000000000000000 
[2.306559050613455, 48.891318588810357] 0.000000000000000 [2.304429780423608, 48.890294087997439] 0.000000000000000 [2.304403713214585, 48.890282794794281] 0.000000000000000 
[2.301177935859688, 48.892064757520828] 0.000000000000000 [2.301093871491236, 48.892007735194589] 0.000000000000000 
[2.313550908328078, 48.894481633025386] 0.000000000000000 [2.313550811958864, 48.894481597399356] 0.000000000000000 [2.313547594631954, 48.894480445808604] 0.000000000000000 [2.313544431098949, 48.894479248660623] 0.000000000000000 [2.313541307935195, 48.894477989690628] 0.000000000000000 [2.313538226172458, 48.894476694085576] 0.000000000000000 [2.313535185810844, 48.894475361845487] 0.000000000000000 [2.313532199456576, 48.894473967861543] 0.000000000000000 [2.313529268260287, 48.894472528328194] 0.000000000000000 [2.313526376970756, 48.894471062043799] 0.000000000000000 [2.313523541076146, 48.894469532224889] 0.000000000000000 [2.313520758833393, 48.894467967639841] 0.000000000000000 [2.313518032993805, 48.894466366505753] 0.000000000000000 [2.313515359465840, 48.894464728799186] 0.000000000000000 [2.313512756085929, 48.894463046528472] 0.000000000000000 [2.313510192968603, 48.894461310529110] 0.000000000000000 [2.313507710684629, 48.894459547113989] 0.000000000000000 [2.313505271141932, 48.894457748870231] 0.000000000000000 [2.313502912562910, 48.894455913318929] 0.000000000000000 [2.313501903141063, 48.894455094543325] 0.000000000000000 
[2.313260354780435, 48.894758335786008] 0.000000000000000 [2.312437117040103, 48.895216391386001] 0.000000000000000 [2.312264643032477, 48.895157335288282] 0.000000000000000 
[2.301880086979469, 48.889571676881687] 0.000000000000000 [2.301818962452709, 48.889556442891021] 0.000000000000000 [2.301187804324914, 48.889572733390892] 0.000000000000000 [2.301124037763580, 48.889590969251159] 0.000000000000000 
[2.309239114480797, 48.892584449516455] 0.000000000000000 [2.308475719947448, 48.892232009631911] 0.000000000000000 [2.308352465082795, 48.892174965781727] 0.000000000000000 [2.307045230312304, 48.891554406353293] 0.000000000000000 [2.306559050613455, 48.891318588810357] 0.000000000000000 
[2.302160002225652, 48.889069974570710] 0.000000000000000 [2.301657082273531, 48.888854077631294] 0.000000000000000 [2.301364859618823, 48.888827100003780] 0.000000000000000 
[2.317415499106585, 48.889260034593654] 0.000000000000000 [2.317072912074818, 48.889005590325468] 0.000000000000000 
[2.301093871491236, 48.892007735194589] 0.000000000000000 [2.300941328724838, 48.892125457044962] 0.000000000000000 [2.301059190006783, 48.892329071902232] 0.000000000000000 
[2.311870030219114, 48.893810335075848] 0.000000000000000 [2.311352676045890, 48.894275866903662] 0.000000000000000 [2.311283251477761, 48.894336868122274] 0.000000000000000 [2.311277445578483, 48.894382622030783] 0.000000000000000 [2.311335222004340, 48.894481779246171] 0.000000000000000 [2.311338643469040, 48.894485539211459] 0.000000000000000 
[2.303717481887142, 48.890091729922638] 0.000000000000000 [2.303469576293360, 48.889958034656345] 0.000000000000000 
[2.291665032629331, 48.889468582449169] 0.000000000000000 [2.290582949563026, 48.888937362110703] 0.000000000000000 
[2.295697733905741, 48.890088055710663] 0.000000000000000 [2.294780082769553, 48.889610306085693] 0.000000000000000 [2.294664164207369, 48.889611162973495] 0.000000000000000 [2.294526131097698, 48.889640338861170] 0.000000000000000 [2.294370824964611, 48.889787680968929] 0.000000000000000 
[2.300689934610671, 48.892787353433086] 0.000000000000000 [2.301071216557185, 48.892974035819790] 0.000000000000000 
[2.309701875914316, 48.896072991558810] 0.000000000000000 [2.308740381005852, 48.895708142416034] 0.000000000000000 [2.307277059053486, 48.895229624638333] 0.000000000000000 [2.306301249822718, 48.894709949261134] 0.000000000000000 [2.305148689720926, 48.893981829657349] 0.000000000000000 
[2.301177935859688, 48.892064757520828] 0.000000000000000 [2.301042776775766, 48.892170101877547] 0.000000000000000 [2.301059190006783, 48.892329071902232] 0.000000000000000 
[2.301093871491236, 48.892007735194589] 0.000000000000000 [2.299380504657454, 48.890916721668717] 0.000000000000000 [2.298876597539084, 48.890503636164340] 0.000000000000000 
[2.310962170894657, 48.894966271088215] 0.000000000000000 [2.311338643469040, 48.894485539211459] 0.000000000000000 
[2.297025187389114, 48.889612106003149] 0.000000000000000 [2.296718426615875, 48.889516216802107] 0.000000000000000 [2.295956792095295, 48.889326246122643] 0.000000000000000 [2.294750558193920, 48.889032114741326] 0.000000000000000 [2.293515158197001, 48.888734975068438] 0.000000000000000 
[2.301344697292117, 48.891936383055665] 0.000000000000000 [2.301473845381485, 48.892017627184103] 0.000000000000000 
[2.311338643469040, 48.894485539211459] 0.000000000000000 [2.311920142309481, 48.895125490725711] 0.000000000000000 
[2.301880086979469, 48.889571676881687] 0.000000000000000 [2.301908704703899, 48.889986521639905] 0.000000000000000 
[2.298144723761798, 48.890069141122673] 0.000000000000000 [2.298127810128602, 48.889899441980489] 0.000000000000000 
[2.301059190006783, 48.892329071902232] 0.000000000000000 [2.300649103693907, 48.892112749266225] 0.000000000000000 [2.300462177645697, 48.892006342602748] 0.000000000000000 [2.298199748099756, 48.890421881890767] 0.000000000000000 [2.298175164929506, 48.890380111471906] 0.000000000000000 [2.298144723761798, 48.890069141122673] 0.000000000000000 
[2.298127810128602, 48.889899441980489] 0.000000000000000 [2.298111710004637, 48.889734860265492] 0.000000000000000 [2.297618561134275, 48.889420575670698] 0.000000000000000 
[2.316586593586420, 48.892674621726194] 0.000000000000000 [2.317116431052110, 48.893365005553754] 0.000000000000000 
[2.313491078350104, 48.894332467206937] 0.000000000000000 [2.313256744022799, 48.894239389834240] 0.000000000000000 
[2.313148522035755, 48.894323045734382] 0.000000000000000 [2.313256675108357, 48.894239444297824] 0.000000000000000 
[2.312264643032477, 48.895157335288282] 0.000000000000000 [2.312178398347259, 48.895114565459266] 0.000000000000000 [2.312055838186418, 48.895092588857139] 0.000000000000000 [2.311920142309481, 48.895125490725711] 0.000000000000000 
[2.306236417188910, 48.891305932580259] 0.000000000000000 [2.306146357631659, 48.891365036171599] 0.000000000000000 [2.305813212827540, 48.891673686176844] 0.000000000000000 [2.305750940173093, 48.891719433654032] 0.000000000000000 
[2.303732727099018, 48.891724224634075] 0.000000000000000 [2.302916444618278, 48.891251139948494] 0.000000000000000 [2.302746615242863, 48.891151072241151] 0.000000000000000 [2.302548913582838, 48.891065573831483] 0.000000000000000 
[2.299163785794851, 48.889452568088799] 0.000000000000000 [2.298045949303809, 48.888919743150936] 0.000000000000000 [2.297840616477222, 48.888848441849319] 0.000000000000000 
[2.313626340210948, 48.894283834583049] 0.000000000000000 [2.313576350263607, 48.894236307449532] 0.000000000000000 [2.313300625754272, 48.894139786804047] 0.000000000000000 
[2.306445257318285, 48.891364719082013] 0.000000000000000 [2.306366036675870, 48.891363196311552] 0.000000000000000 [2.306236417188910, 48.891305932580259] 0.000000000000000 
[2.301572636763961, 48.891846732293160] 0.000000000000000 [2.301602396113741, 48.891921066192623] 0.000000000000000 
[2.297083517250162, 48.889149619125547] 0.000000000000000 [2.297046919612465, 48.889059229352071] 0.000000000000000 [2.295782730253986, 48.888268501188804] 0.000000000000000 [2.295152162603226, 48.887859615300350] 0.000000000000000 [2.294865814755746, 48.887653540979876] 0.000000000000000 [2.294861948749705, 48.887645265946993] 0.000000000000000 
[2.315067695886543, 48.894269851419800] 0.000000000000000 [2.315651186003200, 48.894381405662635] 0.000000000000000 
[2.313469348911152, 48.894368002635559] 0.000000000000000 [2.313469429981098, 48.894367750390245] 0.000000000000000 [2.313470208470844, 48.894365395026831] 0.000000000000000 [2.313471056171640, 48.894363066140563] 0.000000000000000 [2.313471998106499, 48.894360727901962] 0.000000000000000 [2.313473021633511, 48.894358408117597] 0.000000000000000 [2.313474114252863, 48.894356123802957] 0.000000000000000 [2.313475287456141, 48.894353830957016] 0.000000000000000 [2.313476557135057, 48.894351565643888] 0.000000000000000 [2.313477894672879, 48.894349325900812] 0.000000000000000 [2.313479300152705, 48.894347105433056] 0.000000000000000 [2.313480788481654, 48.894344911520626] 0.000000000000000 [2.313482358414452, 48.894342735163150] 0.000000000000000 [2.313484008694064, 48.894340568259501] 0.000000000000000 [2.313485714297278, 48.894338446639217] 0.000000000000000 [2.313487516506507, 48.894336342659855] 0.000000000000000 [2.313489372675482, 48.894334283956027] 0.000000000000000 [2.313491064356136, 48.894332494106408] 0.000000000000000 
[2.312206016203911, 48.895389659867199] 0.000000000000000 [2.312278177028081, 48.895312148815933] 0.000000000000000 [2.312319058694683, 48.895244307493826] 0.000000000000000 [2.312264643032477, 48.895157335288282] 0.000000000000000 
[2.315690470448242, 48.895134520458548] 0.000000000000000 [2.315374234596014, 48.895024031554456] 0.000000000000000 [2.313983208539484, 48.894516386123549] 0.000000000000000 
[2.315651186003200, 48.894381405662635] 0.000000000000000 [2.315667836442902, 48.894419619554682] 0.000000000000000 [2.316235379079431, 48.895139383962174] 0.000000000000000 [2.316272895802275, 48.895343463023991] 0.000000000000000 
[2.317393279459597, 48.893732216902556] 0.000000000000000 [2.317559446896890, 48.893950229347190] 0.000000000000000 
[2.316295399476207, 48.898849022025686] 0.000000000000000 [2.316466792259387, 48.898761795928657] 0.000000000000000 
[2.303444150218963, 48.893200985423860] 0.000000000000000 [2.304095953074426, 48.893565108825108] 0.000000000000000 [2.305271802811802, 48.894282607372261] 0.000000000000000 [2.306556758470102, 48.895064070354032] 0.000000000000000 [2.307219822188131, 48.895402450268051] 0.000000000000000 
[2.304029558155276, 48.889620957732497] 0.000000000000000 [2.303908211539861, 48.889747217822404] 0.000000000000000 [2.303858663684032, 48.889835512764265] 0.000000000000000 [2.303944130072167, 48.889914735948480] 0.000000000000000 
[2.311825128676542, 48.895407591354534] 0.000000000000000 [2.311940654233522, 48.895424818907976] 0.000000000000000 [2.312122245042779, 48.895418868972996] 0.000000000000000 [2.312206016203911, 48.895389659867199] 0.000000000000000 
[2.311285207258118, 48.893456756147017] 0.000000000000000 [2.310367386609362, 48.893105563811616] 0.000000000000000 [2.309239114480797, 48.892584449516455] 0.000000000000000 
[2.300152940644472, 48.889924107123662] 0.000000000000000 [2.299737564654388, 48.890263009999217] 0.000000000000000 [2.299451991066920, 48.890449868596086] 0.000000000000000 
[2.305940616494774, 48.895101542521466] 0.000000000000000 [2.305816368088828, 48.895078712462684] 0.000000000000000 [2.305754062726555, 48.895106968675947] 0.000000000000000 
[2.314120577590873, 48.894690252348830] 0.000000000000000 [2.313260354780435, 48.894758335786008] 0.000000000000000 
[2.310612299029322, 48.896501705468886] 0.000000000000000 [2.310527745061620, 48.896561290754470] 0.000000000000000 [2.310478349426163, 48.896629389951194] 0.000000000000000 
[2.301936490641546, 48.890423667427463] 0.000000000000000 [2.302677298151953, 48.890395750984808] 0.000000000000000 
[2.301473845381485, 48.892017627184103] 0.000000000000000 [2.301303032932915, 48.892145928719557] 0.000000000000000 
[2.297146231217778, 48.889510709372935] 0.000000000000000 [2.297025187389114, 48.889612106003149] 0.000000000000000 
[2.315067695886543, 48.894269851419800] 0.000000000000000 [2.315085726274432, 48.894330969181304] 0.000000000000000 [2.315619743078008, 48.894998905718985] 0.000000000000000 
[2.303571867413500, 48.889880861980288] 0.000000000000000 [2.303469576293360, 48.889958034656345] 0.000000000000000 
[2.303861609575795, 48.890162238000109] 0.000000000000000 [2.303027485904847, 48.890707704611899] 0.000000000000000 
[2.310883083766686, 48.895945340244609] 0.000000000000000 [2.310394518170194, 48.896128582526615] 0.000000000000000 
[2.313714124192707, 48.894476045707158] 0.000000000000000 [2.313711109103339, 48.894477348635682] 0.000000000000000 [2.313708012528096, 48.894478625016710] 0.000000000000000 [2.313704860747161, 48.894479847121872] 0.000000000000000 [2.313701669995922, 48.894481024936745] 0.000000000000000 [2.313698436313337, 48.894482148546047] 0.000000000000000 [2.313695175828308, 48.894483236028684] 0.000000000000000 [2.313691888896365, 48.894484260406998] 0.000000000000000 [2.313688532990084, 48.894485240323043] 0.000000000000000 [2.313685164049958, 48.894486174298748] 0.000000000000000 [2.313681753530516, 48.894487054976011] 0.000000000000000 [2.313678316445751, 48.894487881541437] 0.000000000000000 [2.313674866315313, 48.894488663065793] 0.000000000000000 [2.313671373478823, 48.894489373298718] 0.000000000000000 [2.313667868972383, 48.894490037599112] 0.000000000000000 [2.313664336406513, 48.894490657671753] 0.000000000000000 [2.313660775911316, 48.894491223624776] 0.000000000000000 [2.313657202489243, 48.894491735544136] 0.000000000000000 [2.313653614894696, 48.894492184429474] 0.000000000000000 [2.313650014254645, 48.894492588273785] 0.000000000000000 [2.313646387167808, 48.894492929013687] 0.000000000000000 [2.313642757934222, 48.894493225674310] 0.000000000000000 [2.313639131024697, 48.894493449502924] 0.000000000000000 [2.313635475949026, 48.894493637197016] 0.000000000000000 [2.313631833965667, 48.894493762912695] 0.000000000000000 [2.313628179067274, 48.894493833695414] 0.000000000000000 [2.313624523741486, 48.894493833429067] 0.000000000000000 [2.313620868783314, 48.894493805285634] 0.000000000000000 [2.313617213397872, 48.894493706093030] 0.000000000000000 [2.313613571128719, 48.894493543123524] 0.000000000000000 [2.313609930804153, 48.894493336098151] 0.000000000000000 [2.313606288475312, 48.894493074202423] 0.000000000000000 [2.313602675498061, 48.894492758515369] 0.000000000000000 [2.313599060492743, 48.894492389756493] 0.000000000000000 [2.313595459848964, 48.894491966221018] 0.000000000000000 [2.313591887311616, 48.894491479893922] 0.000000000000000 [2.313588314003382, 48.894490948596079] 0.000000000000000 [2.313584768801503, 48.894490354506530] 0.000000000000000 [2.313581250117183, 48.894489714703369] 0.000000000000000 [2.313577745652075, 48.894489030914713] 0.000000000000000 [2.313574281698410, 48.894488274512923] 0.000000000000000 [2.313570830612090, 48.894487473218611] 0.000000000000000 [2.313567408865604, 48.894486619032257] 0.000000000000000 [2.313564025923012, 48.894485718303372] 0.000000000000000 [2.313560685958556, 48.894484764760627] 0.000000000000000 [2.313557343978012, 48.894483757246824] 0.000000000000000 [2.313554058519152, 48.894482704191347] 0.000000000000000 [2.313550908328078, 48.894481633025386] 0.000000000000000 
[2.305148689720926, 48.893981829657349] 0.000000000000000 [2.304204846689224, 48.893392883083933] 0.000000000000000 [2.303952790198955, 48.893237965389424] 0.000000000000000 
[2.302737985996384, 48.892313014964614] 0.000000000000000 [2.302735743154736, 48.892382518969683] 0.000000000000000 [2.302678988892275, 48.892450595779742] 0.000000000000000 
[2.302677298151953, 48.890395750984808] 0.000000000000000 [2.302705729982995, 48.890399401452107] 0.000000000000000 [2.302922685516680, 48.890522162108702] 0.000000000000000 [2.303003352282093, 48.890582131237259] 0.000000000000000 [2.303027485904847, 48.890707704611899] 0.000000000000000 
[2.301602396113741, 48.891921066192623] 0.000000000000000 [2.301630318446749, 48.891990822581853] 0.000000000000000 [2.301540328571308, 48.892058483811439] 0.000000000000000 
[2.301572636763961, 48.891846732293160] 0.000000000000000 [2.301336201574737, 48.891820733949118] 0.000000000000000 [2.301259441862251, 48.891886608763436] 0.000000000000000 
[2.313469348911152, 48.894368002635559] 0.000000000000000 [2.313356480523470, 48.894444076854590] 0.000000000000000 [2.313318867803225, 48.894495552529705] 0.000000000000000 [2.313219753136063, 48.894615234556369] 0.000000000000000 
[2.304162830416628, 48.890021298648527] 0.000000000000000 [2.303944130072167, 48.889914735948480] 0.000000000000000 
[2.302633311270024, 48.889910299822873] 0.000000000000000 [2.302661196009717, 48.890232068458339] 0.000000000000000 [2.302677298151953, 48.890395750984808] 0.000000000000000 
[2.301896024276410, 48.891587983052467] 0.000000000000000 [2.301824540624890, 48.891753257484190] 0.000000000000000 [2.301572636763961, 48.891846732293160] 0.000000000000000 
[2.305002368667038, 48.890708462333016] 0.000000000000000 [2.304844616790708, 48.890845468455950] 0.000000000000000 
[2.299663942429374, 48.889690867835803] 0.000000000000000 [2.299163785794851, 48.889452568088799] 0.000000000000000 
[2.317753164006286, 48.897233631578750] 0.000000000000000 [2.317557059855115, 48.897159688103294] 0.000000000000000 
[2.312860675860882, 48.894614639717894] 0.000000000000000 [2.312591557971785, 48.894113965800955] 0.000000000000000 
[2.297618561134275, 48.889420575670698] 0.000000000000000 [2.297491525280491, 48.889340675915577] 0.000000000000000 [2.297237731089284, 48.889193746118167] 0.000000000000000 [2.297083517250162, 48.889149619125547] 0.000000000000000 
[2.316295399476207, 48.898849022025686] 0.000000000000000 [2.314851995536646, 48.898418796767231] 0.000000000000000 [2.314167544876168, 48.898176211981969] 0.000000000000000 [2.313408067506415, 48.897908887135017] 0.000000000000000 [2.312688076927031, 48.897629748365979] 0.000000000000000 
[2.314990139065860, 48.893086840128625] 0.000000000000000 [2.314200196783391, 48.893539177610599] 0.000000000000000 
[2.313783277369434, 48.894374998244615] 0.000000000000000 [2.313783495008124, 48.894376077781303] 0.000000000000000 [2.313783904030868, 48.894378469629160] 0.000000000000000 [2.313784216210263, 48.894380861821396] 0.000000000000000 [2.313784460068230, 48.894383263514712] 0.000000000000000 [2.313784609585419, 48.894385682653891] 0.000000000000000 [2.313784676146483, 48.894388083331179] 0.000000000000000 [2.313784662111573, 48.894390493439204] 0.000000000000000 [2.313784564883465, 48.894392903070518] 0.000000000000000 [2.313784373539626, 48.894395313061843] 0.000000000000000 [2.313784126385756, 48.894397714639453] 0.000000000000000 [2.313783756369296, 48.894400124506220] 0.000000000000000 [2.313783319750539, 48.894402516904194] 0.000000000000000 [2.313782813825689, 48.894404890019239] 0.000000000000000 [2.313782212409453, 48.894407264385677] 0.000000000000000 [2.313781529163784, 48.894409638283243] 0.000000000000000 [2.313780764313769, 48.894411994626026] 0.000000000000000 [2.313779917752826, 48.894414341507300] 0.000000000000000 [2.313778989599367, 48.894416669934508] 0.000000000000000 [2.313777978359363, 48.894418989791731] 0.000000000000000 [2.313776886997243, 48.894421283109402] 0.000000000000000 [2.313775712560407, 48.894423566957776] 0.000000000000000 [2.313774470157433, 48.894425833329457] 0.000000000000000 [2.313773146161998, 48.894428081247170] 0.000000000000000 [2.313771740692518, 48.894430301718224] 0.000000000000000 [2.313770253618708, 48.894432504634445] 0.000000000000000 [2.313768697096351, 48.894434699058792] 0.000000000000000 [2.313767059348935, 48.894436847152136] 0.000000000000000 [2.313766664104448, 48.894437342213415] 0.000000000000000 
[2.301540328571308, 48.892058483811439] 0.000000000000000 [2.302946544523529, 48.892922793581540] 0.000000000000000 [2.303444150218963, 48.893200985423860] 0.000000000000000 
[2.308875292996865, 48.889349740606384] 0.000000000000000 [2.308748063163055, 48.889651766944432] 0.000000000000000 [2.308730386622978, 48.889752563249402] 0.000000000000000 
[2.313550908328078, 48.894481633025386] 0.000000000000000 [2.313410424870633, 48.894665020894337] 0.000000000000000 [2.313260354780435, 48.894758335786008] 0.000000000000000 
[2.313550908328078, 48.894481633025386] 0.000000000000000 [2.313219753136063, 48.894615234556369] 0.000000000000000 
[2.313256744022799, 48.894239389834240] 0.000000000000000 [2.313287204166888, 48.894200016726906] 0.000000000000000 [2.313300625754272, 48.894139786804047] 0.000000000000000 
[2.301572636763961, 48.891846732293160] 0.000000000000000 [2.301219541170972, 48.891577237501210] 0.000000000000000 [2.299968128116639, 48.890783692519598] 0.000000000000000 [2.299734055157737, 48.890615831197245] 0.000000000000000 [2.299451991066920, 48.890449868596086] 0.000000000000000 
[2.301908704703899, 48.889986521639905] 0.000000000000000 [2.301936490641546, 48.890423667427463] 0.000000000000000 
[2.314079825786338, 48.894423374801889] 0.000000000000000 [2.313922968322811, 48.894365754982566] 0.000000000000000 [2.313783277369434, 48.894374998244615] 0.000000000000000 
[2.305940616494774, 48.895101542521466] 0.000000000000000 [2.303703726448038, 48.893710742732885] 0.000000000000000 
[2.311825128676542, 48.895407591354534] 0.000000000000000 [2.312056482817685, 48.895275537457934] 0.000000000000000 [2.312264643032477, 48.895157335288282] 0.000000000000000 
[2.317653700511730, 48.895003484970900] 0.000000000000000 [2.317644027437594, 48.895048546198716] 0.000000000000000 [2.317546854396459, 48.895808048863209] 0.000000000000000 
[2.309239114480797, 48.892584449516455] 0.000000000000000 [2.308771630403352, 48.892242819292385] 0.000000000000000 [2.306996766267839, 48.891390113801435] 0.000000000000000 [2.306559050613455, 48.891318588810357] 0.000000000000000 
[2.317651800721610, 48.893194133365348] 0.000000000000000 [2.317116431052110, 48.893365005553754] 0.000000000000000 
[2.307890986229302, 48.889095912449832] 0.000000000000000 [2.308136527125017, 48.889394766477395] 0.000000000000000 [2.308490336773961, 48.889454529190260] 0.000000000000000 
[2.304844616790708, 48.890845468455950] 0.000000000000000 [2.305132565903718, 48.890986905183354] 0.000000000000000 
[2.300913779613519, 48.890284595832675] 0.000000000000000 [2.300152940644472, 48.889924107123662] 0.000000000000000 
[2.307439257290329, 48.889255249013154] 0.000000000000000 [2.307589991726617, 48.889458011067916] 0.000000000000000 [2.307587694170873, 48.889514691462679] 0.000000000000000 [2.307535652445771, 48.889565388744664] 0.000000000000000 [2.307449673048765, 48.889604143589551] 0.000000000000000 [2.307377281251182, 48.889636939775315] 0.000000000000000 [2.307298086735084, 48.889686136289527] 0.000000000000000 [2.307164584587274, 48.889766650614291] 0.000000000000000 [2.307065034891776, 48.889829268582055] 0.000000000000000 [2.306976776608520, 48.889893372755154] 0.000000000000000 [2.306940540763397, 48.889961978738235] 0.000000000000000 [2.306954078822743, 48.890038043144564] 0.000000000000000 [2.306994741042249, 48.890112630448129] 0.000000000000000 
[2.309239114480797, 48.892584449516455] 0.000000000000000 [2.308622899389321, 48.892449130358379] 0.000000000000000 [2.308310987994715, 48.892300764098508] 0.000000000000000 [2.306932677060220, 48.891645078028581] 0.000000000000000 [2.306733735579432, 48.891545926756983] 0.000000000000000 
[2.301908704703899, 48.889986521639905] 0.000000000000000 [2.301865497941062, 48.890030347642693] 0.000000000000000 [2.301809794720417, 48.890043235800540] 0.000000000000000 [2.301153546818729, 48.890066784924997] 0.000000000000000 
[2.316628095288016, 48.895233876388545] 0.000000000000000 [2.316468229595971, 48.895280530114626] 0.000000000000000 [2.316420037236874, 48.895396249716320] 0.000000000000000 
[2.317557059855115, 48.897159688103294] 0.000000000000000 [2.314613312246991, 48.896031661127708] 0.000000000000000 
[2.316466792259387, 48.898761795928657] 0.000000000000000 [2.316589234969356, 48.898699479326218] 0.000000000000000 
[2.304435773686449, 48.892701360440697] 0.000000000000000 [2.304649677345945, 48.892820303848247] 0.000000000000000 
[2.310111260202630, 48.889297685048909] 0.000000000000000 [2.310344795780205, 48.889478007510284] 0.000000000000000 
[2.303517750097325, 48.891891149533997] 0.000000000000000 [2.303337690785330, 48.892030961020900] 0.000000000000000 
[2.303944130072167, 48.889914735948480] 0.000000000000000 [2.303876831836853, 48.889931847461206] 0.000000000000000 [2.303806508061413, 48.890009282701364] 0.000000000000000 
[2.297025187389114, 48.889612106003149] 0.000000000000000 [2.296167083340985, 48.890332394147997] 0.000000000000000 
[2.301896024276410, 48.891587983052467] 0.000000000000000 [2.301653646957862, 48.891672477136098] 0.000000000000000 [2.301572636763961, 48.891846732293160] 0.000000000000000 
[2.302678988892275, 48.892450595779742] 0.000000000000000 [2.302478199228758, 48.892327083740049] 0.000000000000000 
[2.311903609026173, 48.893348879372127] 0.000000000000000 [2.311062775311282, 48.893072806588883] 0.000000000000000 [2.310509847755276, 48.892854590093812] 0.000000000000000 [2.309489169733552, 48.892359626648329] 0.000000000000000 [2.309239114480797, 48.892584449516455] 0.000000000000000 
[2.313626340210948, 48.894283834583049] 0.000000000000000 [2.313626776657110, 48.894283835285947] 0.000000000000000 [2.313630432502041, 48.894283898507993] 0.000000000000000 [2.313634086615629, 48.894283989599089] 0.000000000000000 [2.313637729000694, 48.894284142676192] 0.000000000000000 [2.313641370544081, 48.894284359600384] 0.000000000000000 [2.313645011388062, 48.894284629580575] 0.000000000000000 [2.313648625596320, 48.894284954266787] 0.000000000000000 [2.313652238974895, 48.894285341900826] 0.000000000000000 [2.313655839604848, 48.894285765434645] 0.000000000000000 [2.313659413492419, 48.894286251767760] 0.000000000000000 [2.313662971666912, 48.894286791970188] 0.000000000000000 [2.313666518100919, 48.894287395057880] 0.000000000000000 [2.313670036784571, 48.894288033959434] 0.000000000000000 [2.313673527231643, 48.894288745544245] 0.000000000000000 [2.313677004823561, 48.894289501122230] 0.000000000000000 [2.313680455779852, 48.894290311406195] 0.000000000000000 [2.313683865229047, 48.894291166418384] 0.000000000000000 [2.313687246809082, 48.894292066236972] 0.000000000000000 [2.313690601646929, 48.894293028854875] 0.000000000000000 [2.313693914847208, 48.894294046092845] 0.000000000000000 [2.313697201660834, 48.894295099152465] 0.000000000000000 [2.313700446730223, 48.894296214925411] 0.000000000000000 [2.313703651656302, 48.894297375434469] 0.000000000000000 [2.313706815075132, 48.894298580671737] 0.000000000000000 [2.313709923336833, 48.894299831458348] 0.000000000000000 [2.313713004974836, 48.894301136051759] 0.000000000000000 [2.313716032831216, 48.894302485303072] 0.000000000000000 [2.313719019168717, 48.894303880181901] 0.000000000000000 [2.313721950360758, 48.894305319710824] 0.000000000000000 [2.313724827889923, 48.894306794905134] 0.000000000000000 [2.313727663781481, 48.894308324719475] 0.000000000000000 [2.313730431019942, 48.894309889214014] 0.000000000000000 [2.313733157972793, 48.894311509235678] 0.000000000000000 [2.313735817754824, 48.894313154952748] 0.000000000000000 [2.313738420897381, 48.894314855203945] 0.000000000000000 [2.313739621504081, 48.894315656187423] 0.000000000000000 
[2.314614429343066, 48.893792601014610] 0.000000000000000 [2.314135331976986, 48.894075510386770] 0.000000000000000 
[2.299663942429374, 48.889690867835803] 0.000000000000000 [2.300040071889443, 48.889327050849587] 0.000000000000000 
[2.315421884455723, 48.893335479486041] 0.000000000000000 [2.314614429343066, 48.893792601014610] 0.000000000000000 
[2.309827721441902, 48.896374754451372] 0.000000000000000 [2.309736400873559, 48.896485613750158] 0.000000000000000 
[2.299163785794851, 48.889452568088799] 0.000000000000000 [2.299546703657116, 48.889093081199242] 0.000000000000000 
[2.304561840404868, 48.890218226873309] 0.000000000000000 [2.304162830416628, 48.890021298648527] 0.000000000000000 
[2.309603178061765, 48.896675896109421] 0.000000000000000 [2.309767821332813, 48.896718344393669] 0.000000000000000 [2.310322306214459, 48.896928436126309] 0.000000000000000 
[2.316461288141096, 48.895015018389465] 0.000000000000000 [2.316064169160007, 48.894495292864399] 0.000000000000000 
[2.310394518170194, 48.896128582526615] 0.000000000000000 [2.310019609818562, 48.896123550632808] 0.000000000000000 [2.309701875914316, 48.896072991558810] 0.000000000000000 
[2.309855637564667, 48.896531801285548] 0.000000000000000 [2.309736400873559, 48.896485613750158] 0.000000000000000 
[2.301540328571308, 48.892058483811439] 0.000000000000000 [2.301371616959902, 48.892185329092342] 0.000000000000000 
[2.303666019488397, 48.889779791681754] 0.000000000000000 [2.302160002225652, 48.889069974570710] 0.000000000000000 
[2.316272895802275, 48.895343463023991] 0.000000000000000 [2.315690470448242, 48.895134520458548] 0.000000000000000 
[2.313469348911152, 48.894368002635559] 0.000000000000000 [2.313182135934185, 48.894335660890263] 0.000000000000000 [2.313148522035755, 48.894323045734382] 0.000000000000000 
[2.301059190006783, 48.892329071902232] 0.000000000000000 [2.300604537668817, 48.892668657985553] 0.000000000000000 
[2.305940616494774, 48.895101542521466] 0.000000000000000 [2.306005369898538, 48.895174697406112] 0.000000000000000 [2.305935881864322, 48.895193446699778] 0.000000000000000 
[2.293191480881623, 48.889077889805151] 0.000000000000000 [2.292693882927923, 48.889589917940143] 0.000000000000000 
[2.309603178061765, 48.896675896109421] 0.000000000000000 [2.309259347322900, 48.896553127223328] 0.000000000000000 [2.308726390458210, 48.896324726690771] 0.000000000000000 
[2.316461288141096, 48.895015018389465] 0.000000000000000 [2.316591605045518, 48.894851435991662] 0.000000000000000 [2.316363058635999, 48.894530435474806] 0.000000000000000 
[2.316378399360930, 48.892792354726666] 0.000000000000000 [2.316057036603475, 48.892974077339581] 0.000000000000000 
[2.304130855343485, 48.892511176423710] 0.000000000000000 [2.304319341267030, 48.892416707349270] 0.000000000000000 [2.304493103688201, 48.892519174231282] 0.000000000000000 
[2.314529182620435, 48.891754862474471] 0.000000000000000 [2.313992940000710, 48.892053083844168] 0.000000000000000 [2.313970404948561, 48.892065498541243] 0.000000000000000 [2.314029875757592, 48.892104979697351] 0.000000000000000 [2.314729881102783, 48.892536290523985] 0.000000000000000 [2.315486891963708, 48.893160987279991] 0.000000000000000 [2.315587821916464, 48.893242192244124] 0.000000000000000 
[2.297335751635866, 48.891063005126369] 0.000000000000000 [2.297345393108690, 48.890994753209668] 0.000000000000000 [2.297267839891652, 48.890921075675841] 0.000000000000000 [2.296167083340985, 48.890332394147997] 0.000000000000000 
[2.310468690196716, 48.891495776094985] 0.000000000000000 [2.310359524689183, 48.891588151310110] 0.000000000000000 [2.309489388098730, 48.892359204324876] 0.000000000000000 
[2.312591557971785, 48.894113965800955] 0.000000000000000 [2.311870030219114, 48.893810335075848] 0.000000000000000 
[2.303703726448038, 48.893710742732885] 0.000000000000000 [2.303377522799760, 48.893510136843688] 0.000000000000000 [2.302337880126815, 48.893107136277138] 0.000000000000000 [2.301425314058884, 48.892599038666006] 0.000000000000000 [2.301059190006783, 48.892329071902232] 0.000000000000000 
[2.312688076927031, 48.897629748365979] 0.000000000000000 [2.311965967497116, 48.897349786288380] 0.000000000000000 [2.310396221958984, 48.896742599521524] 0.000000000000000 
[2.297146231217778, 48.889510709372935] 0.000000000000000 [2.297740123931283, 48.889695975423535] 0.000000000000000 [2.298127810128602, 48.889899441980489] 0.000000000000000 
[2.303944130072167, 48.889914735948480] 0.000000000000000 [2.303666019488397, 48.889779791681754] 0.000000000000000 
[2.303894530637130, 48.890059315972977] 0.000000000000000 [2.303971000031999, 48.890093366604241] 0.000000000000000 
[2.313766664104448, 48.894437342213415] 0.000000000000000 [2.313765353742110, 48.894438969675534] 0.000000000000000 [2.313763566542676, 48.894441073744822] 0.000000000000000 [2.313761723781847, 48.894443150516004] 0.000000000000000 [2.313759785897004, 48.894445200661615] 0.000000000000000 [2.313757793695972, 48.894447232509485] 0.000000000000000 [2.313755734014800, 48.894449210011175] 0.000000000000000 [2.313753591483816, 48.894451160957651] 0.000000000000000 [2.313751394624984, 48.894453094505572] 0.000000000000000 [2.313749116647626, 48.894454973629166] 0.000000000000000 [2.313746782990417, 48.894456834447212] 0.000000000000000 [2.313744381722568, 48.894458650810854] 0.000000000000000 [2.313741926375677, 48.894460430891549] 0.000000000000000 [2.313739403193032, 48.894462183603743] 0.000000000000000 [2.313736823547391, 48.894463873938982] 0.000000000000000 [2.313734177192676, 48.894465554898630] 0.000000000000000 [2.313731475738815, 48.894467173489076] 0.000000000000000 [2.313728720217865, 48.894468754897339] 0.000000000000000 [2.313725924350878, 48.894470292906789] 0.000000000000000 [2.313723059414678, 48.894471793648044] 0.000000000000000 [2.313720139142273, 48.894473250005248] 0.000000000000000 [2.313717179792960, 48.894474670165472] 0.000000000000000 [2.313714165237838, 48.894476036049817] 0.000000000000000 [2.313714124192707, 48.894476045707158] 0.000000000000000 
[2.301059190006783, 48.892329071902232] 0.000000000000000 [2.300828474697666, 48.892331788201602] 0.000000000000000 [2.300494760319901, 48.892616969186278] 0.000000000000000 
[2.317540522607731, 48.892123078433059] 0.000000000000000 [2.318186361514817, 48.893023726316905] 0.000000000000000 
[2.301908704703899, 48.889986521639905] 0.000000000000000 [2.301959294826721, 48.889935592594888] 0.000000000000000 [2.302007615677298, 48.889929717468767] 0.000000000000000 [2.302633311270024, 48.889910299822873] 0.000000000000000 
[2.317133884170520, 48.892348557586018] 0.000000000000000 [2.317139100924469, 48.892264017469145] 0.000000000000000 [2.316930244553364, 48.892070457844220] 0.000000000000000 
[2.307137850951653, 48.895517572425270] 0.000000000000000 [2.307108862453227, 48.895505298906599] 0.000000000000000 [2.306433949407407, 48.895160170507197] 0.000000000000000 [2.305142177810254, 48.894375017269780] 0.000000000000000 [2.303969735631116, 48.893659496948587] 0.000000000000000 [2.303317127136851, 48.893295012972629] 0.000000000000000 
[2.308875292996865, 48.889349740606384] 0.000000000000000 [2.308937035345665, 48.889362434848906] 0.000000000000000 [2.309024227369753, 48.889368562434058] 0.000000000000000 [2.309072468772396, 48.889382035756817] 0.000000000000000 
[2.311338643469040, 48.894485539211459] 0.000000000000000 [2.311154038254700, 48.894469778904892] 0.000000000000000 [2.309380759196163, 48.894032468993792] 0.000000000000000 [2.308220975154921, 48.893247300885257] 0.000000000000000 [2.308136914547878, 48.893166696130251] 0.000000000000000 [2.308064800110463, 48.893088791763716] 0.000000000000000 [2.308668610443871, 48.892527549304795] 0.000000000000000 [2.309239114480797, 48.892584449516455] 0.000000000000000 
[2.314135331976986, 48.894075510386770] 0.000000000000000 [2.313739621504081, 48.894315656187423] 0.000000000000000 
[2.316378399360930, 48.892792354726666] 0.000000000000000 [2.316260461318379, 48.892782405743908] 0.000000000000000 [2.316170900378249, 48.892779925713391] 0.000000000000000 [2.315816277441594, 48.892981660185590] 0.000000000000000 [2.315806892297789, 48.893117017022234] 0.000000000000000 
[2.302737985996384, 48.892313014964614] 0.000000000000000 [2.302647947233073, 48.892314435899188] 0.000000000000000 [2.302571071950901, 48.892331786767173] 0.000000000000000 [2.302478199228758, 48.892327083740049] 0.000000000000000 
[2.310189994760577, 48.896340944350840] 0.000000000000000 [2.310612299029322, 48.896501705468886] 0.000000000000000 
[2.313445760043101, 48.889632485888612] 0.000000000000000 [2.313374527769601, 48.889672993271390] 0.000000000000000 
[2.302890649495612, 48.889669630574822] 0.000000000000000 [2.302633311270024, 48.889910299822873] 0.000000000000000 
[2.311870030219114, 48.893810335075848] 0.000000000000000 [2.311516704669696, 48.893642750217722] 0.000000000000000 [2.311285207258118, 48.893456756147017] 0.000000000000000 
[2.307219822188131, 48.895402450268051] 0.000000000000000 [2.307866754541354, 48.895541291027122] 0.000000000000000 [2.308623578955319, 48.895776180057261] 0.000000000000000 [2.309724709793823, 48.896168176224108] 0.000000000000000 [2.310011905550830, 48.896272100474768] 0.000000000000000 
[2.309736400873559, 48.896485613750158] 0.000000000000000 [2.309603178061765, 48.896675896109421] 0.000000000000000 
[2.313983208539484, 48.894516386123549] 0.000000000000000 [2.313766664104448, 48.894437342213415] 0.000000000000000 
[2.310478349426163, 48.896629389951194] 0.000000000000000 [2.312063270705167, 48.897241354656138] 0.000000000000000 [2.312752760678844, 48.897508575366849] 0.000000000000000 
[2.304029909165717, 48.890120775204785] 0.000000000000000 [2.304403713214585, 48.890282794794281] 0.000000000000000 
[2.317546854396459, 48.895808048863209] 0.000000000000000 [2.316812552276715, 48.895488367041366] 0.000000000000000 [2.316585880241107, 48.895407465628416] 0.000000000000000 [2.316420037236874, 48.895396249716320] 0.000000000000000 
[2.304209861716238, 48.888994573289338] 0.000000000000000 [2.304029558155276, 48.889620957732497] 0.000000000000000 
[2.301124037763580, 48.889590969251159] 0.000000000000000 [2.301121329815841, 48.889733584358240] 0.000000000000000 [2.301153546818729, 48.890066784924997] 0.000000000000000 
[2.311799976908403, 48.893661139219461] 0.000000000000000 [2.311285207258118, 48.893456756147017] 0.000000000000000 
[2.303861609575795, 48.890162238000109] 0.000000000000000 [2.303797710987405, 48.890131716510503] 0.000000000000000 
[2.316597993873561, 48.891846813578610] 0.000000000000000 [2.316368688014745, 48.891809229482583] 0.000000000000000 [2.315493406592896, 48.891218598843210] 0.000000000000000 
[2.305750940173093, 48.891719433654032] 0.000000000000000 [2.304435773686449, 48.892701360440697] 0.000000000000000 
[2.309736400873559, 48.896485613750158] 0.000000000000000 [2.307646646096715, 48.895732871452843] 0.000000000000000 [2.307137850951653, 48.895517572425270] 0.000000000000000 
[2.296167083340985, 48.890332394147997] 0.000000000000000 [2.295697733905741, 48.890088055710663] 0.000000000000000 
[2.310394518170194, 48.896128582526615] 0.000000000000000 [2.310011905550830, 48.896272100474768] 0.000000000000000 
[2.315493406592896, 48.891218598843210] 0.000000000000000 [2.314529182620435, 48.891754862474471] 0.000000000000000 
[2.304403713214585, 48.890282794794281] 0.000000000000000 [2.304225108316594, 48.890336917431355] 0.000000000000000 
[2.310322306214459, 48.896928436126309] 0.000000000000000 [2.310429504211825, 48.897042092832571] 0.000000000000000 
[2.306236417188910, 48.891305932580259] 0.000000000000000 [2.305002368667038, 48.890708462333016] 0.000000000000000 
[2.301473845381485, 48.892017627184103] 0.000000000000000 [2.301540328571308, 48.892058483811439] 0.000000000000000 
[2.315806892297789, 48.893117017022234] 0.000000000000000 [2.315587821916464, 48.893242192244124] 0.000000000000000 
[2.310612299029322, 48.896501705468886] 0.000000000000000 [2.312425561133942, 48.897209687271143] 0.000000000000000 [2.312752760678844, 48.897508575366849] 0.000000000000000 
[2.305002368667038, 48.890708462333016] 0.000000000000000 [2.304225108316594, 48.890336917431355] 0.000000000000000 
[2.306559050613455, 48.891318588810357] 0.000000000000000 [2.306338905971514, 48.891060663695640] 0.000000000000000 [2.304561840404868, 48.890218226873309] 0.000000000000000 
[2.299451991066920, 48.890449868596086] 0.000000000000000 [2.298902461862063, 48.890012649685332] 0.000000000000000 [2.297447389993484, 48.889107298960447] 0.000000000000000 [2.295818581999999, 48.888103146113011] 0.000000000000000 [2.295205227717336, 48.887740427217054] 0.000000000000000 [2.295189912662613, 48.887725421657301] 0.000000000000000 
[2.313469348911152, 48.894368002635559] 0.000000000000000 [2.313249512239786, 48.894417364182615] 0.000000000000000 [2.312860675860882, 48.894614639717894] 0.000000000000000 
[2.314120577590873, 48.894690252348830] 0.000000000000000 [2.313935086127478, 48.894614217682950] 0.000000000000000 
[2.301344697292117, 48.891936383055665] 0.000000000000000 [2.301177935859688, 48.892064757520828] 0.000000000000000 
[2.314613312246991, 48.896031661127708] 0.000000000000000 [2.313636968156853, 48.896481819042826] 0.000000000000000 
[2.301865757871302, 48.889199471539548] 0.000000000000000 [2.301487453848348, 48.889021290745440] 0.000000000000000 [2.301364859618823, 48.888827100003780] 0.000000000000000 
[2.313636968156853, 48.896481819042826] 0.000000000000000 [2.312972636883918, 48.896811142989947] 0.000000000000000 
[2.303806508061413, 48.890009282701364] 0.000000000000000 [2.303894530637130, 48.890059315972977] 0.000000000000000 
[2.301960097276317, 48.890790489086129] 0.000000000000000 [2.300913779613519, 48.890284595832675] 0.000000000000000 
[2.303717481887142, 48.890091729922638] 0.000000000000000 [2.303027485904847, 48.890707704611899] 0.000000000000000 
