[2.261250408093014, 48.835662006152866] 0.000000000000000 [2.261216952636373, 48.835768926125269] 0.000000000000000 [2.260958625258464, 48.836118402072252] 0.000000000000000 [2.260855392722730, 48.836189502079826] 0.000000000000000 
[2.285109427642365, 48.830636015903657] 0.000000000000000 [2.284987959185583, 48.830553650469660] 0.000000000000000 
[2.270577148889604, 48.835525229131946] 0.000000000000000 [2.270622403802078, 48.835391623042462] 0.000000000000000 
[2.267209437920179, 48.831543958826970] 0.000000000000000 [2.267374429225092, 48.829725184596107] 0.000000000000000 
[2.258839824015652, 48.836173070789151] 0.000000000000000 [2.258655899002123, 48.836003386812749] 0.000000000000000 [2.258584208717851, 48.835887519985292] 0.000000000000000 
[2.265753061200615, 48.834869795134708] 0.000000000000000 [2.263997571826834, 48.834960936712442] 0.000000000000000 
[2.276953053857459, 48.833806999108241] 0.000000000000000 [2.277100655218803, 48.833745161552578] 0.000000000000000 
[2.277155093107452, 48.833424104432957] 0.000000000000000 [2.277411330597190, 48.833427663756979] 0.000000000000000 [2.277585008423188, 48.833427835101801] 0.000000000000000 [2.279018555212176, 48.832851056130821] 0.000000000000000 [2.279373688352142, 48.832732171628400] 0.000000000000000 [2.279729230621241, 48.832636307204133] 0.000000000000000 [2.280078774730262, 48.832565690722483] 0.000000000000000 
[2.270747599280352, 48.835397360864398] 0.000000000000000 [2.270622403802078, 48.835391623042462] 0.000000000000000 
[2.283737970606274, 48.834862688551553] 0.000000000000000 [2.283999787099714, 48.834802702862149] 0.000000000000000 [2.284339536637884, 48.834650782884488] 0.000000000000000 
[2.260855392722730, 48.836189502079826] 0.000000000000000 [2.260869617795032, 48.836081211478955] 0.000000000000000 [2.260832246142396, 48.836003831088512] 0.000000000000000 [2.260733890239844, 48.835951167295939] 0.000000000000000 [2.260576392678047, 48.835919721975635] 0.000000000000000 
[2.285109427642365, 48.830636015903657] 0.000000000000000 [2.281042849473504, 48.832297650913048] 0.000000000000000 
[2.281777708967125, 48.836115447987702] 0.000000000000000 [2.281340107308822, 48.835933888955729] 0.000000000000000 
[2.259997543098076, 48.836139054580016] 0.000000000000000 [2.258839824015652, 48.836173070789151] 0.000000000000000 
[2.266847427035856, 48.835928756489032] 0.000000000000000 [2.266473278403799, 48.835595615230424] 0.000000000000000 
[2.268572246643972, 48.835376665487736] 0.000000000000000 [2.268699054514131, 48.835389232589954] 0.000000000000000 [2.268883876216041, 48.835415071026468] 0.000000000000000 
[2.284000493413866, 48.834330448532711] 0.000000000000000 [2.283944601874258, 48.834292023573376] 0.000000000000000 
[2.270356186939117, 48.835824290164986] 0.000000000000000 [2.270155961152577, 48.835906456942745] 0.000000000000000 [2.269910723390541, 48.835929694041205] 0.000000000000000 [2.269668119056174, 48.835919569972660] 0.000000000000000 [2.269430599566272, 48.835876085332288] 0.000000000000000 [2.269223910102230, 48.835802582130498] 0.000000000000000 [2.269046015592900, 48.835690696474920] 0.000000000000000 [2.268703324073698, 48.835454792666667] 0.000000000000000 [2.268572246643972, 48.835376665487736] 0.000000000000000 
[2.267201039595817, 48.835746419950382] 0.000000000000000 [2.266891592288626, 48.835416017408548] 0.000000000000000 
[2.271120830702935, 48.827941514841086] 0.000000000000000 [2.272812531535794, 48.827969040951260] 0.000000000000000 
[2.273453030021104, 48.834948897872984] 0.000000000000000 [2.274004867413015, 48.834843268510916] 0.000000000000000 
[2.267374429225092, 48.829725184596107] 0.000000000000000 [2.267449120593573, 48.828910405764994] 0.000000000000000 
[2.277720931242160, 48.831492305963835] 0.000000000000000 [2.277578078570752, 48.831394247309881] 0.000000000000000 [2.275915312573237, 48.830024189018097] 0.000000000000000 [2.275310603506412, 48.829589614338488] 0.000000000000000 
[2.278181177715803, 48.836190051082191] 0.000000000000000 [2.278142844693699, 48.836027846804988] 0.000000000000000 
[2.261776117419552, 48.835569971013790] 0.000000000000000 [2.261729625532205, 48.835541990438955] 0.000000000000000 [2.261604952200186, 48.835532898017007] 0.000000000000000 [2.261250408093014, 48.835662006152866] 0.000000000000000 
[2.283537730489902, 48.834982019069635] 0.000000000000000 [2.283737970606274, 48.834862688551553] 0.000000000000000 
[2.257081829052473, 48.835820194427015] 0.000000000000000 [2.257365692067369, 48.835669224008953] 0.000000000000000 [2.257650027361552, 48.835553756971983] 0.000000000000000 
[2.270622403802078, 48.835391623042462] 0.000000000000000 [2.270571489563596, 48.835263627186073] 0.000000000000000 
[2.284857086423399, 48.830502143019807] 0.000000000000000 [2.284902168768891, 48.830440590179890] 0.000000000000000 [2.284926058190635, 48.830363658942453] 0.000000000000000 [2.284901250274031, 48.830303271110836] 0.000000000000000 [2.284837281707885, 48.830241694865748] 0.000000000000000 
[2.262028165670669, 48.834653207956272] 0.000000000000000 [2.261594357067586, 48.834154814069365] 0.000000000000000 [2.261534369183304, 48.834062436406086] 0.000000000000000 
[2.266940997645571, 48.834779090915013] 0.000000000000000 [2.268123252166687, 48.834982145059740] 0.000000000000000 [2.269715950457644, 48.835212408090420] 0.000000000000000 [2.270571489563596, 48.835263627186073] 0.000000000000000 
[2.257066306600415, 48.835994014221313] 0.000000000000000 [2.257132060949036, 48.835960615923256] 0.000000000000000 
[2.277155093107452, 48.833424104432957] 0.000000000000000 [2.277100486685212, 48.833522725685825] 0.000000000000000 [2.276976863323025, 48.833582193541702] 0.000000000000000 
[2.262318560628908, 48.834945949810049] 0.000000000000000 [2.262028165670669, 48.834653207956272] 0.000000000000000 
[2.270622403802078, 48.835391623042462] 0.000000000000000 [2.269686751216771, 48.835337209876329] 0.000000000000000 [2.268078811258996, 48.835104599399862] 0.000000000000000 [2.266923789586989, 48.834906956933352] 0.000000000000000 
[2.257132060949036, 48.835960615923256] 0.000000000000000 [2.257446262748116, 48.835801024348171] 0.000000000000000 [2.257840756806506, 48.835639428092435] 0.000000000000000 [2.258152618240319, 48.835526245093241] 0.000000000000000 [2.258441264992040, 48.835448844792481] 0.000000000000000 [2.258726639450960, 48.835372233854656] 0.000000000000000 [2.259121832461459, 48.835280957334248] 0.000000000000000 [2.260055179005763, 48.835108649189451] 0.000000000000000 
[2.270107985246910, 48.834921362303390] 0.000000000000000 [2.271892443342395, 48.834969873631707] 0.000000000000000 [2.272966042630636, 48.834940713374543] 0.000000000000000 [2.273453030021104, 48.834948897872984] 0.000000000000000 
[2.280942479132458, 48.832000948932006] 0.000000000000000 [2.283086071855429, 48.831192873813102] 0.000000000000000 
[2.283944601874258, 48.834292023573376] 0.000000000000000 [2.284058538032383, 48.834240089433592] 0.000000000000000 [2.286042800945100, 48.833525714971813] 0.000000000000000 [2.286427039315733, 48.833372612833941] 0.000000000000000 
[2.265649968472143, 48.834669642548207] 0.000000000000000 [2.265439355588259, 48.834630769688758] 0.000000000000000 [2.265010812064963, 48.834255242467052] 0.000000000000000 
[2.270704299981144, 48.835270178662711] 0.000000000000000 [2.270747599280352, 48.835397360864398] 0.000000000000000 
[2.268021552789873, 48.835312819884045] 0.000000000000000 [2.268572246643972, 48.835376665487736] 0.000000000000000 
[2.270747599280352, 48.835397360864398] 0.000000000000000 [2.270717583479600, 48.835524411725302] 0.000000000000000 
[2.277137458115332, 48.834122175226184] 0.000000000000000 [2.277019800185450, 48.833921368034282] 0.000000000000000 
[2.265649968472143, 48.834669642548207] 0.000000000000000 [2.265702558380216, 48.834596842429463] 0.000000000000000 
[2.280985847673934, 48.835283791638020] 0.000000000000000 [2.281072225927866, 48.835248995980180] 0.000000000000000 [2.282284031819835, 48.834891814228236] 0.000000000000000 [2.283258142061219, 48.834557475598004] 0.000000000000000 [2.283944601874258, 48.834292023573376] 0.000000000000000 
[2.277119368973401, 48.833351181065247] 0.000000000000000 [2.277355475797330, 48.833294434309437] 0.000000000000000 [2.278920944063091, 48.832697184958235] 0.000000000000000 
[2.284857086423399, 48.830502143019807] 0.000000000000000 [2.284809392927583, 48.830416609300300] 0.000000000000000 [2.284740146731016, 48.830335589254048] 0.000000000000000 [2.284695410227467, 48.830301342260086] 0.000000000000000 
[2.277100655218803, 48.833745161552578] 0.000000000000000 [2.280078774730262, 48.832565690722483] 0.000000000000000 
[2.280927346515376, 48.832218332935675] 0.000000000000000 [2.284987959185583, 48.830553650469660] 0.000000000000000 
[2.257150428647787, 48.836110627412971] 0.000000000000000 [2.256826626390565, 48.836274959410090] 0.000000000000000 [2.256615274738323, 48.836399360987230] 0.000000000000000 [2.256435433071324, 48.836505169182601] 0.000000000000000 
[2.265702558380216, 48.834596842429463] 0.000000000000000 [2.265596828513490, 48.834564483932077] 0.000000000000000 [2.265259992731250, 48.834402960993017] 0.000000000000000 
[2.257650027361552, 48.835553756971983] 0.000000000000000 [2.258092373090797, 48.835384297689565] 0.000000000000000 [2.258904117101750, 48.835126223296740] 0.000000000000000 
[2.265753061200615, 48.834869795134708] 0.000000000000000 [2.265637342249944, 48.834753177451319] 0.000000000000000 
[2.257650027361552, 48.835553756971983] 0.000000000000000 [2.257132060949036, 48.835960615923256] 0.000000000000000 
[2.260779585097967, 48.834150398195682] 0.000000000000000 [2.260544931062292, 48.834186131609911] 0.000000000000000 [2.259736953528915, 48.834279410552710] 0.000000000000000 [2.259695042494341, 48.834276774096161] 0.000000000000000 
[2.267449120593573, 48.828910405764994] 0.000000000000000 [2.267533508555660, 48.827869815637165] 0.000000000000000 
[2.268658310133716, 48.832392220675693] 0.000000000000000 [2.267567874683886, 48.831775047453810] 0.000000000000000 [2.267209437920179, 48.831543958826970] 0.000000000000000 
[2.277186829876610, 48.834207551037785] 0.000000000000000 [2.277137458115332, 48.834122175226184] 0.000000000000000 
[2.278381134994319, 48.836162842737856] 0.000000000000000 [2.278296203593562, 48.835996468473837] 0.000000000000000 
[2.279635750388967, 48.832867742255488] 0.000000000000000 [2.277169674154043, 48.833861006522305] 0.000000000000000 
[2.276688455198077, 48.833507914079725] 0.000000000000000 [2.277119368973401, 48.833351181065247] 0.000000000000000 
[2.260288125719129, 48.834788312448559] 0.000000000000000 [2.259658958294760, 48.834846791611831] 0.000000000000000 [2.259167473082240, 48.834928921356223] 0.000000000000000 [2.258713531787522, 48.835044797990086] 0.000000000000000 [2.258317440957633, 48.835161522699146] 0.000000000000000 [2.258003084579754, 48.835294533644500] 0.000000000000000 [2.257650027361552, 48.835553756971983] 0.000000000000000 
[2.276953053857459, 48.833806999108241] 0.000000000000000 [2.276902865767610, 48.833721011150260] 0.000000000000000 [2.276976863323025, 48.833582193541702] 0.000000000000000 
[2.260855392722730, 48.836189502079826] 0.000000000000000 [2.260397367803661, 48.836829741264154] 0.000000000000000 [2.260329942019682, 48.837001637627530] 0.000000000000000 
[2.257129636574334, 48.836274883743286] 0.000000000000000 [2.256768975039282, 48.836511689578799] 0.000000000000000 
[2.257278533522585, 48.836189304508402] 0.000000000000000 [2.257219305174718, 48.836153562416449] 0.000000000000000 [2.257150428647787, 48.836110627412971] 0.000000000000000 
[2.283548128974893, 48.834635533087649] 0.000000000000000 [2.283737970606274, 48.834862688551553] 0.000000000000000 
[2.287212510548126, 48.832984749186338] 0.000000000000000 [2.287702452345532, 48.832648075067944] 0.000000000000000 [2.288293430754751, 48.832395361602352] 0.000000000000000 
[2.277169674154043, 48.833861006522305] 0.000000000000000 [2.277019800185450, 48.833921368034282] 0.000000000000000 
[2.258177497606269, 48.835660794282951] 0.000000000000000 [2.257937712039229, 48.835748127619290] 0.000000000000000 [2.257555077957854, 48.835904696531202] 0.000000000000000 [2.257150428647787, 48.836110627412971] 0.000000000000000 
[2.277119368973401, 48.833351181065247] 0.000000000000000 [2.277155093107452, 48.833424104432957] 0.000000000000000 
[2.262318560628908, 48.834945949810049] 0.000000000000000 [2.263881670066205, 48.834842283599045] 0.000000000000000 
[2.274004867413015, 48.834843268510916] 0.000000000000000 [2.274739917043120, 48.834644121573376] 0.000000000000000 [2.275590815109287, 48.834368503497551] 0.000000000000000 [2.276953053857459, 48.833806999108241] 0.000000000000000 
[2.267760706399478, 48.827882102963599] 0.000000000000000 [2.271120830702935, 48.827941514841086] 0.000000000000000 
[2.263881670066205, 48.834842283599045] 0.000000000000000 [2.265637342249944, 48.834753177451319] 0.000000000000000 
[2.261634340949133, 48.834683794509203] 0.000000000000000 [2.261696864511100, 48.834577972922062] 0.000000000000000 [2.261702792974094, 48.834485288139554] 0.000000000000000 
[2.284339536637884, 48.834650782884488] 0.000000000000000 [2.284089964427049, 48.834483250210269] 0.000000000000000 [2.284043056532495, 48.834438542972435] 0.000000000000000 
[2.266891592288626, 48.835416017408548] 0.000000000000000 [2.266923789586989, 48.834906956933352] 0.000000000000000 
[2.281041829041796, 48.835411534555668] 0.000000000000000 [2.280997327166048, 48.835324777726861] 0.000000000000000 
[2.266847427035856, 48.835928756489032] 0.000000000000000 [2.266931799879352, 48.835884833634147] 0.000000000000000 [2.267108076837183, 48.835787370089975] 0.000000000000000 [2.267201039595817, 48.835746419950382] 0.000000000000000 
[2.269174928554610, 48.835508193100367] 0.000000000000000 [2.269618239840449, 48.835632761928828] 0.000000000000000 [2.269924623084745, 48.835724128440653] 0.000000000000000 [2.270147753858189, 48.835739015885302] 0.000000000000000 [2.270396451192447, 48.835674502750500] 0.000000000000000 [2.270530218198554, 48.835567018444372] 0.000000000000000 [2.270577148889604, 48.835525229131946] 0.000000000000000 
[2.260101867174640, 48.835265433320309] 0.000000000000000 [2.259767222563152, 48.835306304445965] 0.000000000000000 [2.259176134094577, 48.835401866038005] 0.000000000000000 [2.258794566726174, 48.835489994806835] 0.000000000000000 [2.258512598032859, 48.835565529774435] 0.000000000000000 [2.258234172867095, 48.835640149800632] 0.000000000000000 [2.258177497606269, 48.835660794282951] 0.000000000000000 
[2.270704299981144, 48.835270178662711] 0.000000000000000 [2.271758619470811, 48.835228599190152] 0.000000000000000 [2.272609742536825, 48.835105053166139] 0.000000000000000 [2.273453030021104, 48.834948897872984] 0.000000000000000 
[2.284987959185583, 48.830553650469660] 0.000000000000000 [2.285187321570312, 48.830471115408614] 0.000000000000000 [2.290823748875073, 48.827967337928698] 0.000000000000000 
[2.272348420561257, 48.828070272014159] 0.000000000000000 [2.271189621612344, 48.828059799925050] 0.000000000000000 [2.271137586513773, 48.828084293163549] 0.000000000000000 [2.270735876508295, 48.828525461753571] 0.000000000000000 [2.270691055283351, 48.828706900433787] 0.000000000000000 [2.270713208766082, 48.828814808437073] 0.000000000000000 [2.270772497959066, 48.828917837076730] 0.000000000000000 [2.270868926162946, 48.829025796770885] 0.000000000000000 [2.271002464306537, 48.829148480613128] 0.000000000000000 [2.271106387111047, 48.829212299169306] 0.000000000000000 [2.271262281430796, 48.829290868491412] 0.000000000000000 [2.271485021482596, 48.829374368697287] 0.000000000000000 [2.271648379070379, 48.829423499450648] 0.000000000000000 [2.271819199247565, 48.829453030234689] 0.000000000000000 [2.271930631795716, 48.829453093483004] 0.000000000000000 [2.272205478995146, 48.829458150737615] 0.000000000000000 [2.272361498127352, 48.829443526401050] 0.000000000000000 [2.272517541698422, 48.829409280215067] 0.000000000000000 [2.272658761872618, 48.829345601370100] 0.000000000000000 [2.272792591714550, 48.829257403462023] 0.000000000000000 [2.272859524052718, 48.829193682758316] 0.000000000000000 [2.272911653771584, 48.829095619089259] 0.000000000000000 [2.272985997725282, 48.829051523795933] 0.000000000000000 [2.273067727194242, 48.829036857031561] 0.000000000000000 [2.273238541363931, 48.829071278398565] 0.000000000000000 [2.273520579915119, 48.829257809388949] 0.000000000000000 [2.273706247552621, 48.829287336831086] 0.000000000000000 
[2.280927346515376, 48.832218332935675] 0.000000000000000 [2.280893107717279, 48.832067732205580] 0.000000000000000 [2.280942479132458, 48.832000948932006] 0.000000000000000 
[2.279635750388967, 48.832867742255488] 0.000000000000000 [2.279210584673796, 48.833117608127388] 0.000000000000000 [2.277484660100433, 48.834062581239976] 0.000000000000000 [2.277311038007476, 48.834104028757451] 0.000000000000000 
[2.273268938558034, 48.835129207997142] 0.000000000000000 [2.272107318786242, 48.835337888713340] 0.000000000000000 
[2.266891592288626, 48.835416017408548] 0.000000000000000 [2.267180254860668, 48.835316832173177] 0.000000000000000 [2.267360815246372, 48.835271340672968] 0.000000000000000 [2.267577166898235, 48.835261310152099] 0.000000000000000 [2.268021552789873, 48.835312819884045] 0.000000000000000 
[2.271609908703498, 48.835483917891487] 0.000000000000000 [2.272107318786242, 48.835337888713340] 0.000000000000000 
[2.266669524358705, 48.834544734483678] 0.000000000000000 [2.265994306300496, 48.834529551981014] 0.000000000000000 
[2.262436624729180, 48.835064641165367] 0.000000000000000 [2.262318560628908, 48.834945949810049] 0.000000000000000 
[2.268883876216041, 48.835415071026468] 0.000000000000000 [2.269970134029510, 48.835512645378557] 0.000000000000000 [2.270577148889604, 48.835525229131946] 0.000000000000000 
[2.285446357188366, 48.835256183582345] 0.000000000000000 [2.285079965926601, 48.835062592784183] 0.000000000000000 [2.285057365409559, 48.835051072506104] 0.000000000000000 [2.285013933221110, 48.835029191012225] 0.000000000000000 [2.284976218705463, 48.835010109260978] 0.000000000000000 [2.284927476434405, 48.834985716413271] 0.000000000000000 [2.284889763092231, 48.834966553696930] 0.000000000000000 [2.284575289626592, 48.834812724571293] 0.000000000000000 [2.284339536637884, 48.834650782884488] 0.000000000000000 
[2.281340107308822, 48.835933888955729] 0.000000000000000 [2.281170391309049, 48.836243031097837] 0.000000000000000 
[2.265637342249944, 48.834753177451319] 0.000000000000000 [2.265625916306607, 48.834741650129665] 0.000000000000000 [2.265649968472143, 48.834669642548207] 0.000000000000000 
[2.257278533522585, 48.836189304508402] 0.000000000000000 [2.258177497606269, 48.835660794282951] 0.000000000000000 
[2.281340107308822, 48.835933888955729] 0.000000000000000 [2.281301804636594, 48.835917989008486] 0.000000000000000 [2.281288755420489, 48.835892901683572] 0.000000000000000 [2.281285778688380, 48.835886965011191] 0.000000000000000 [2.281278004005803, 48.835871709865643] 0.000000000000000 [2.281276657641263, 48.835869064808442] 0.000000000000000 [2.281269725890670, 48.835855617074429] 0.000000000000000 [2.281264845702075, 48.835846137118381] 0.000000000000000 [2.281240772431837, 48.835799182694657] 0.000000000000000 [2.281228810664138, 48.835776057135973] 0.000000000000000 [2.281041829041796, 48.835411534555668] 0.000000000000000 
[2.270356186939117, 48.835824290164986] 0.000000000000000 [2.270062486372549, 48.835832930955171] 0.000000000000000 [2.269844572884632, 48.835797642277278] 0.000000000000000 [2.269630795612743, 48.835715996725646] 0.000000000000000 [2.269440757145420, 48.835629410702595] 0.000000000000000 [2.269305619184782, 48.835570751732348] 0.000000000000000 [2.269174928554610, 48.835508193100367] 0.000000000000000 
[2.287212510548126, 48.832984749186338] 0.000000000000000 [2.287588797308762, 48.832396166193242] 0.000000000000000 [2.287640897542022, 48.832288392077459] 0.000000000000000 
[2.278296203593562, 48.835996468473837] 0.000000000000000 [2.278255587294080, 48.835910692824250] 0.000000000000000 [2.277349076533303, 48.834178697297403] 0.000000000000000 
[2.265941558551042, 48.834865416454051] 0.000000000000000 [2.265811578632599, 48.834748744695446] 0.000000000000000 
[2.281042849473504, 48.832297650913048] 0.000000000000000 [2.280927346515376, 48.832218332935675] 0.000000000000000 
[2.280997327166048, 48.835324777726861] 0.000000000000000 [2.280985847673934, 48.835283791638020] 0.000000000000000 
[2.267574629481606, 48.834609018694742] 0.000000000000000 [2.269409900840140, 48.834877606895112] 0.000000000000000 [2.270107985246910, 48.834921362303390] 0.000000000000000 
[2.269174928554610, 48.835508193100367] 0.000000000000000 [2.268883876216041, 48.835415071026468] 0.000000000000000 
[2.258839824015652, 48.836173070789151] 0.000000000000000 [2.258808486901288, 48.836245620916792] 0.000000000000000 [2.257460459468549, 48.836294385829426] 0.000000000000000 [2.257399642718220, 48.836254406898647] 0.000000000000000 
[2.256991878240431, 48.834591703249167] 0.000000000000000 [2.256881399014569, 48.834694853737709] 0.000000000000000 [2.256492516185186, 48.834750461300786] 0.000000000000000 [2.255518892040665, 48.834850554260370] 0.000000000000000 
[2.266923789586989, 48.834906956933352] 0.000000000000000 [2.266940997645571, 48.834779090915013] 0.000000000000000 
[2.276976863323025, 48.833582193541702] 0.000000000000000 [2.276815832219880, 48.833610355316196] 0.000000000000000 [2.276690833976713, 48.833556503830167] 0.000000000000000 [2.276612566415253, 48.833576120774367] 0.000000000000000 
[2.280711080905495, 48.832069827727153] 0.000000000000000 [2.280766614915892, 48.832047229355950] 0.000000000000000 [2.280877553278497, 48.832006285814181] 0.000000000000000 [2.280942479132458, 48.832000948932006] 0.000000000000000 
[2.274004867413015, 48.834843268510916] 0.000000000000000 [2.274168305105637, 48.834726902583640] 0.000000000000000 [2.274684076233677, 48.834526339667427] 0.000000000000000 [2.276351020510960, 48.833736449010544] 0.000000000000000 [2.276415786747449, 48.833685584443842] 0.000000000000000 [2.276502235434431, 48.833626115349318] 0.000000000000000 [2.276612566415253, 48.833576120774367] 0.000000000000000 
[2.258584208717851, 48.835887519985292] 0.000000000000000 [2.258284663082950, 48.836059525970796] 0.000000000000000 [2.258147593941732, 48.836101068064494] 0.000000000000000 [2.257584312396371, 48.836135129361899] 0.000000000000000 [2.257451617335847, 48.836166619388841] 0.000000000000000 [2.257399642718220, 48.836254406898647] 0.000000000000000 
[2.265994306300496, 48.834529551981014] 0.000000000000000 [2.265710156678315, 48.834494204439871] 0.000000000000000 
[2.265811578632599, 48.834748744695446] 0.000000000000000 [2.265799088295414, 48.834737531934735] 0.000000000000000 [2.265649968472143, 48.834669642548207] 0.000000000000000 
[2.278381134994319, 48.836162842737856] 0.000000000000000 [2.279510267198846, 48.835863209924888] 0.000000000000000 [2.279766599371041, 48.835771459713726] 0.000000000000000 [2.281041829041796, 48.835411534555668] 0.000000000000000 
[2.270571489563596, 48.835263627186073] 0.000000000000000 [2.270704299981144, 48.835270178662711] 0.000000000000000 
[2.276612566415253, 48.833576120774367] 0.000000000000000 [2.276688455198077, 48.833507914079725] 0.000000000000000 
[2.265941558551042, 48.834865416454051] 0.000000000000000 [2.265836640019047, 48.834865458731208] 0.000000000000000 [2.265753061200615, 48.834869795134708] 0.000000000000000 
[2.270577148889604, 48.835525229131946] 0.000000000000000 [2.270717583479600, 48.835524411725302] 0.000000000000000 
[2.276688455198077, 48.833507914079725] 0.000000000000000 [2.276485073446342, 48.833569227556026] 0.000000000000000 [2.276348953212490, 48.833577123527668] 0.000000000000000 [2.276249103021208, 48.833511099558578] 0.000000000000000 [2.276090641608272, 48.833475754687420] 0.000000000000000 [2.275928619386240, 48.833522295243249] 0.000000000000000 [2.275291729587062, 48.833959550081055] 0.000000000000000 [2.274888931940735, 48.834173215617689] 0.000000000000000 [2.274461669034675, 48.834318809537365] 0.000000000000000 [2.274246859264393, 48.834374555582791] 0.000000000000000 [2.273356838808274, 48.834558019162699] 0.000000000000000 [2.273111321271978, 48.834603250866131] 0.000000000000000 [2.272944427236348, 48.834599920598642] 0.000000000000000 [2.269940854610066, 48.833069360290452] 0.000000000000000 
[2.275310603506412, 48.829589614338488] 0.000000000000000 [2.274545933334100, 48.830150167037182] 0.000000000000000 
[2.278296203593562, 48.835996468473837] 0.000000000000000 [2.279216968005274, 48.835785895339662] 0.000000000000000 [2.279747765219425, 48.835648239829396] 0.000000000000000 [2.280985847673934, 48.835283791638020] 0.000000000000000 
[2.260288125719129, 48.834788312448559] 0.000000000000000 [2.261634340949133, 48.834683794509203] 0.000000000000000 
[2.279234424582068, 48.832575177118038] 0.000000000000000 [2.280446206469661, 48.832145398410788] 0.000000000000000 [2.280658335158919, 48.832085242422103] 0.000000000000000 
[2.273608054027212, 48.828582061765239] 0.000000000000000 [2.273408594108135, 48.828464650010666] 0.000000000000000 [2.273355842236224, 48.828389620565886] 0.000000000000000 [2.273376677040801, 48.828308706564229] 0.000000000000000 
[2.257150428647787, 48.836110627412971] 0.000000000000000 [2.257118039109485, 48.836090811734728] 0.000000000000000 [2.257066306600415, 48.835994014221313] 0.000000000000000 
[2.278920944063091, 48.832697184958235] 0.000000000000000 [2.278693778777507, 48.832729003121855] 0.000000000000000 [2.278290436961234, 48.832303745440925] 0.000000000000000 [2.277610177780219, 48.831616438454283] 0.000000000000000 [2.277720931242160, 48.831492305963835] 0.000000000000000 
[2.270107985246910, 48.834921362303390] 0.000000000000000 [2.270410968987599, 48.835004632298798] 0.000000000000000 [2.270537688113741, 48.835072960969228] 0.000000000000000 [2.270655960596379, 48.835163406727453] 0.000000000000000 [2.270704299981144, 48.835270178662711] 0.000000000000000 
[2.283944601874258, 48.834292023573376] 0.000000000000000 [2.281110741391753, 48.832344276230209] 0.000000000000000 [2.281042849473504, 48.832297650913048] 0.000000000000000 
[2.266891592288626, 48.835416017408548] 0.000000000000000 [2.266473278403799, 48.835595615230424] 0.000000000000000 
[2.266277110213442, 48.834476247038573] 0.000000000000000 [2.266271226308339, 48.834495109565104] 0.000000000000000 [2.266205115783130, 48.834515940997591] 0.000000000000000 [2.265994306300496, 48.834529551981014] 0.000000000000000 
[2.263997571826834, 48.834960936712442] 0.000000000000000 [2.262436624729180, 48.835064641165367] 0.000000000000000 
[2.265710156678315, 48.834494204439871] 0.000000000000000 [2.265259992731250, 48.834402960993017] 0.000000000000000 
[2.258904117101750, 48.835126223296740] 0.000000000000000 [2.259005587165273, 48.835058486650546] 0.000000000000000 [2.260288125719129, 48.834788312448559] 0.000000000000000 
[2.270717583479600, 48.835524411725302] 0.000000000000000 [2.271609908703498, 48.835483917891487] 0.000000000000000 
[2.270571489563596, 48.835263627186073] 0.000000000000000 [2.270483067743063, 48.835171849769516] 0.000000000000000 [2.270380991513156, 48.835102914997051] 0.000000000000000 [2.270268658795604, 48.835063910871028] 0.000000000000000 [2.269454017597520, 48.834992290588133] 0.000000000000000 [2.268239272411229, 48.834815219135983] 0.000000000000000 [2.267384598434434, 48.834726573585684] 0.000000000000000 [2.267073187289029, 48.834712436019942] 0.000000000000000 [2.266940997645571, 48.834779090915013] 0.000000000000000 
[2.261702792974094, 48.834485288139554] 0.000000000000000 [2.261305028827829, 48.834089164463322] 0.000000000000000 
[2.277019800185450, 48.833921368034282] 0.000000000000000 [2.275684263204805, 48.834478535261198] 0.000000000000000 [2.274818100390057, 48.834758911771281] 0.000000000000000 [2.274041226166140, 48.834972316770568] 0.000000000000000 [2.273268938558034, 48.835129207997142] 0.000000000000000 
[2.265637342249944, 48.834753177451319] 0.000000000000000 [2.265691195895020, 48.834750441208321] 0.000000000000000 [2.265811578632599, 48.834748744695446] 0.000000000000000 
[2.258904117101750, 48.835126223296740] 0.000000000000000 [2.259042923893711, 48.835138277814245] 0.000000000000000 [2.259701985066182, 48.835034508067949] 0.000000000000000 [2.260055179005763, 48.835108649189451] 0.000000000000000 
[2.281170391309049, 48.836243031097837] 0.000000000000000 [2.281777708967125, 48.836115447987702] 0.000000000000000 
[2.270717583479600, 48.835524411725302] 0.000000000000000 [2.270674030021863, 48.835597767306034] 0.000000000000000 [2.270557264354087, 48.835715782818852] 0.000000000000000 [2.270356186939117, 48.835824290164986] 0.000000000000000 
[2.275310603506412, 48.829589614338488] 0.000000000000000 [2.275076719807885, 48.829446584022385] 0.000000000000000 [2.273608054027212, 48.828582061765239] 0.000000000000000 
[2.280078774730262, 48.832565690722483] 0.000000000000000 [2.280927346515376, 48.832218332935675] 0.000000000000000 
[2.269404875590220, 48.834775797306243] 0.000000000000000 [2.268091773858829, 48.834567586907134] 0.000000000000000 [2.267854658598127, 48.834562390704953] 0.000000000000000 
[2.277388652944476, 48.834596862267290] 0.000000000000000 [2.277186829876610, 48.834207551037785] 0.000000000000000 
[2.266891592288626, 48.835416017408548] 0.000000000000000 [2.266313868242249, 48.835134817611319] 0.000000000000000 [2.266023283118741, 48.834938775635479] 0.000000000000000 [2.265941558551042, 48.834865416454051] 0.000000000000000 
[2.265702558380216, 48.834596842429463] 0.000000000000000 [2.265710156678315, 48.834494204439871] 0.000000000000000 
[2.277169674154043, 48.833861006522305] 0.000000000000000 [2.277100655218803, 48.833745161552578] 0.000000000000000 
[2.277349076533303, 48.834178697297403] 0.000000000000000 [2.277311038007476, 48.834104028757451] 0.000000000000000 
[2.285366905699416, 48.833934331153245] 0.000000000000000 [2.286094242736171, 48.833679010420191] 0.000000000000000 [2.286534528184239, 48.833495285943862] 0.000000000000000 
[2.285366905699416, 48.833934331153245] 0.000000000000000 [2.285449305055387, 48.834052964576180] 0.000000000000000 [2.285854149274035, 48.834520957805459] 0.000000000000000 
[2.271120830702935, 48.827941514841086] 0.000000000000000 [2.271140718268317, 48.827899359682526] 0.000000000000000 
[2.260055179005763, 48.835108649189451] 0.000000000000000 [2.260634240620259, 48.835072364247480] 0.000000000000000 [2.261247330126535, 48.835017007620621] 0.000000000000000 [2.262318560628908, 48.834945949810049] 0.000000000000000 
[2.257399642718220, 48.836254406898647] 0.000000000000000 [2.257129636574334, 48.836274883743286] 0.000000000000000 
[2.265259992731250, 48.834402960993017] 0.000000000000000 [2.265010812064963, 48.834255242467052] 0.000000000000000 
[2.269940854610066, 48.833069360290452] 0.000000000000000 [2.269212223553245, 48.832709850290463] 0.000000000000000 [2.268658310133716, 48.832392220675693] 0.000000000000000 
[2.268572246643972, 48.835376665487736] 0.000000000000000 [2.268438733879421, 48.835297260537409] 0.000000000000000 [2.268158769535771, 48.835205996041189] 0.000000000000000 [2.266923789586989, 48.834906956933352] 0.000000000000000 
[2.277019800185450, 48.833921368034282] 0.000000000000000 [2.276953053857459, 48.833806999108241] 0.000000000000000 
[2.279168543514991, 48.832405792384897] 0.000000000000000 [2.279234424582068, 48.832575177118038] 0.000000000000000 
[2.259997543098076, 48.836139054580016] 0.000000000000000 [2.259220454940061, 48.836469452993207] 0.000000000000000 
[2.286427039315733, 48.833372612833941] 0.000000000000000 [2.286944644721853, 48.833141034487312] 0.000000000000000 [2.287090908527014, 48.833067304005240] 0.000000000000000 [2.287212510548126, 48.832984749186338] 0.000000000000000 
[2.278142844693699, 48.836027846804988] 0.000000000000000 [2.278296203593562, 48.835996468473837] 0.000000000000000 
[2.286534528184239, 48.833495285943862] 0.000000000000000 [2.286427039315733, 48.833372612833941] 0.000000000000000 
[2.277349076533303, 48.834178697297403] 0.000000000000000 [2.277186829876610, 48.834207551037785] 0.000000000000000 
[2.280658335158919, 48.832085242422103] 0.000000000000000 [2.280711080905495, 48.832069827727153] 0.000000000000000 
[2.278181177715803, 48.836190051082191] 0.000000000000000 [2.278381134994319, 48.836162842737856] 0.000000000000000 
[2.268572246643972, 48.835376665487736] 0.000000000000000 [2.268556216452493, 48.835423679504586] 0.000000000000000 [2.268310525562005, 48.835579466960340] 0.000000000000000 [2.268252755089540, 48.835469378820335] 0.000000000000000 [2.268208997378473, 48.835411474563784] 0.000000000000000 [2.268021552789873, 48.835312819884045] 0.000000000000000 
[2.283086071855429, 48.831192873813102] 0.000000000000000 [2.284498376871207, 48.830616942896093] 0.000000000000000 [2.284857086423399, 48.830502143019807] 0.000000000000000 
[2.280927346515376, 48.832218332935675] 0.000000000000000 [2.280846415747017, 48.832162763039683] 0.000000000000000 
[2.261250408093014, 48.835662006152866] 0.000000000000000 [2.260576392678047, 48.835919721975635] 0.000000000000000 
[2.284043056532495, 48.834438542972435] 0.000000000000000 [2.284403891037687, 48.834287550331638] 0.000000000000000 [2.285366905699416, 48.833934331153245] 0.000000000000000 
[2.277137458115332, 48.834122175226184] 0.000000000000000 [2.277012575138057, 48.834140346897144] 0.000000000000000 [2.276773450888710, 48.834175959146926] 0.000000000000000 [2.276507211796036, 48.834262184816488] 0.000000000000000 [2.276060418190732, 48.834440615832939] 0.000000000000000 [2.275717416628462, 48.834580387159690] 0.000000000000000 [2.275234534799001, 48.834746888455790] 0.000000000000000 [2.274932200693808, 48.834836068484130] 0.000000000000000 [2.274697560834635, 48.834886560572102] 0.000000000000000 [2.273834067863694, 48.835050304209368] 0.000000000000000 [2.273268938558034, 48.835129207997142] 0.000000000000000 
[2.273608054027212, 48.828582061765239] 0.000000000000000 [2.273506785673220, 48.828677778490288] 0.000000000000000 [2.272667401460386, 48.828403956616199] 0.000000000000000 [2.272348420561257, 48.828070272014159] 0.000000000000000 
[2.277311038007476, 48.834104028757451] 0.000000000000000 [2.277169674154043, 48.833861006522305] 0.000000000000000 
[2.284987959185583, 48.830553650469660] 0.000000000000000 [2.284857086423399, 48.830502143019807] 0.000000000000000 
[2.280846415747017, 48.832162763039683] 0.000000000000000 [2.280658335158919, 48.832085242422103] 0.000000000000000 
[2.286534528184239, 48.833495285943862] 0.000000000000000 [2.287474982840046, 48.833086391234268] 0.000000000000000 
[2.260101867174640, 48.835265433320309] 0.000000000000000 [2.259802757078950, 48.835407856324281] 0.000000000000000 [2.259297738106500, 48.835525948991339] 0.000000000000000 [2.259002104184582, 48.835620621977490] 0.000000000000000 [2.258669869586990, 48.835782453240618] 0.000000000000000 [2.258584208717851, 48.835887519985292] 0.000000000000000 
[2.257278533522585, 48.836189304508402] 0.000000000000000 [2.257399642718220, 48.836254406898647] 0.000000000000000 
[2.272107318786242, 48.835337888713340] 0.000000000000000 [2.271688378604767, 48.835377227849072] 0.000000000000000 [2.270747599280352, 48.835397360864398] 0.000000000000000 
[2.281041829041796, 48.835411534555668] 0.000000000000000 [2.281298190032066, 48.835325634362682] 0.000000000000000 [2.282260686909916, 48.835037206593000] 0.000000000000000 [2.282855000250434, 48.834838524349372] 0.000000000000000 [2.283252141685630, 48.834739225047848] 0.000000000000000 [2.283548128974893, 48.834635533087649] 0.000000000000000 
[2.257278533522585, 48.836189304508402] 0.000000000000000 [2.257129636574334, 48.836274883743286] 0.000000000000000 
[2.278920944063091, 48.832697184958235] 0.000000000000000 [2.277862253385399, 48.831617495744254] 0.000000000000000 [2.277720931242160, 48.831492305963835] 0.000000000000000 
[2.266923789586989, 48.834906956933352] 0.000000000000000 [2.266466671414033, 48.834865219469528] 0.000000000000000 [2.265941558551042, 48.834865416454051] 0.000000000000000 
[2.262436624729180, 48.835064641165367] 0.000000000000000 [2.261269344298899, 48.835142112107675] 0.000000000000000 [2.260664699491230, 48.835196745785666] 0.000000000000000 [2.260101867174640, 48.835265433320309] 0.000000000000000 
[2.278920944063091, 48.832697184958235] 0.000000000000000 [2.279234424582068, 48.832575177118038] 0.000000000000000 
[2.281042849473504, 48.832297650913048] 0.000000000000000 [2.279635750388967, 48.832867742255488] 0.000000000000000 
[2.266940997645571, 48.834779090915013] 0.000000000000000 [2.266961661952654, 48.834595714005559] 0.000000000000000 
[2.257066306600415, 48.835994014221313] 0.000000000000000 [2.257056920502787, 48.835976651002262] 0.000000000000000 [2.257081829052473, 48.835820194427015] 0.000000000000000 
[2.280658335158919, 48.832085242422103] 0.000000000000000 [2.280377585524615, 48.831961382021561] 0.000000000000000 
[2.277388652944476, 48.834596862267290] 0.000000000000000 [2.277281024064131, 48.834618811509024] 0.000000000000000 [2.276652149370739, 48.834746656165542] 0.000000000000000 [2.275943134639538, 48.834882591566050] 0.000000000000000 [2.273661920269565, 48.835318786719355] 0.000000000000000 [2.272302434405040, 48.835578447601179] 0.000000000000000 [2.272021889584486, 48.835633225782537] 0.000000000000000 [2.271809178198498, 48.835681935392266] 0.000000000000000 [2.271679680916191, 48.835714414861940] 0.000000000000000 [2.271537842057490, 48.835767229467528] 0.000000000000000 [2.271420672176280, 48.835809886423228] 0.000000000000000 [2.271315809026828, 48.835858657547654] 0.000000000000000 [2.271127680746519, 48.835962307483669] 0.000000000000000 [2.270920987836110, 48.836104607058473] 0.000000000000000 [2.270646291808891, 48.836397432038595] 0.000000000000000 [2.270541288790444, 48.836560130907792] 0.000000000000000 [2.270436153907502, 48.836820490225286] 0.000000000000000 [2.270371156741865, 48.837025946356221] 0.000000000000000 [2.270431793600367, 48.837259037591615] 0.000000000000000 [2.270547527002519, 48.837305687096944] 0.000000000000000 
[2.265811578632599, 48.834748744695446] 0.000000000000000 [2.266478700298320, 48.834739328254138] 0.000000000000000 [2.266940997645571, 48.834779090915013] 0.000000000000000 
[2.277100655218803, 48.833745161552578] 0.000000000000000 [2.276976863323025, 48.833582193541702] 0.000000000000000 
[2.283548128974893, 48.834635533087649] 0.000000000000000 [2.283956644429014, 48.834483187843105] 0.000000000000000 [2.284043056532495, 48.834438542972435] 0.000000000000000 
[2.278142844693699, 48.836027846804988] 0.000000000000000 [2.277388652944476, 48.834596862267290] 0.000000000000000 
[2.277119368973401, 48.833351181065247] 0.000000000000000 [2.277327579709582, 48.833236623764016] 0.000000000000000 [2.278613827741263, 48.832767838121036] 0.000000000000000 [2.278920944063091, 48.832697184958235] 0.000000000000000 
[2.283086071855429, 48.831192873813102] 0.000000000000000 [2.282892560471870, 48.831036893778773] 0.000000000000000 
[2.257129636574334, 48.836274883743286] 0.000000000000000 [2.257121147764060, 48.836275525340994] 0.000000000000000 [2.256925298119411, 48.836332762027311] 0.000000000000000 [2.256796046541134, 48.836408669567930] 0.000000000000000 
[2.284043056532495, 48.834438542972435] 0.000000000000000 [2.284000493413866, 48.834330448532711] 0.000000000000000 
[2.261634340949133, 48.834683794509203] 0.000000000000000 [2.262028165670669, 48.834653207956272] 0.000000000000000 
[2.260576392678047, 48.835919721975635] 0.000000000000000 [2.259997543098076, 48.836139054580016] 0.000000000000000 
[2.266473278403799, 48.835595615230424] 0.000000000000000 [2.265753061200615, 48.834869795134708] 0.000000000000000 
[2.262028165670669, 48.834653207956272] 0.000000000000000 [2.261874885602021, 48.834627594896453] 0.000000000000000 [2.261702792974094, 48.834485288139554] 0.000000000000000 
[2.277311038007476, 48.834104028757451] 0.000000000000000 [2.277137458115332, 48.834122175226184] 0.000000000000000 
