[2.411659174346668, 48.873758204847285] 0.000000000000000 [2.412365763724479, 48.873944428848596] 0.000000000000000 
[2.413777990905618, 48.867464718018013] 0.000000000000000 [2.413970895366654, 48.867602275546261] 0.000000000000000 
[2.413215725642919, 48.866419912289047] 0.000000000000000 [2.413219861629832, 48.866289685067358] 0.000000000000000 
[2.413323635579320, 48.864008693591131] 0.000000000000000 [2.413068267286880, 48.864138450104711] 0.000000000000000 
[2.412682860000670, 48.875175948176079] 0.000000000000000 [2.412841719876569, 48.875214690928175] 0.000000000000000 
[2.412579002973140, 48.875508451691012] 0.000000000000000 [2.412532904239954, 48.875667546340232] 0.000000000000000 
[2.411116191488202, 48.865014786694410] 0.000000000000000 [2.411424503633420, 48.864989891521155] 0.000000000000000 [2.411678367801266, 48.864941793871409] 0.000000000000000 [2.411868295590026, 48.864888431547591] 0.000000000000000 
[2.412889958126624, 48.864479484611955] 0.000000000000000 [2.412437368696783, 48.865157677435931] 0.000000000000000 
[2.410065742797546, 48.867910808619861] 0.000000000000000 [2.409983299342124, 48.869136043871755] 0.000000000000000 
[2.412365763724479, 48.873944428848596] 0.000000000000000 [2.411719166301471, 48.874887745242098] 0.000000000000000 
[2.413949675953984, 48.866918597269127] 0.000000000000000 [2.413858086429956, 48.867031572280347] 0.000000000000000 [2.413785559393904, 48.867077808136820] 0.000000000000000 
[2.410250206807803, 48.873374337994335] 0.000000000000000 [2.410311728578385, 48.873400826943303] 0.000000000000000 [2.411487043260294, 48.873711016126364] 0.000000000000000 
[2.411152998341648, 48.863317218450604] 0.000000000000000 [2.411213623612553, 48.863316728904060] 0.000000000000000 [2.411429180981838, 48.863360679639392] 0.000000000000000 [2.411457727578389, 48.863400930607355] 0.000000000000000 
[2.413875424118130, 48.865170077949671] 0.000000000000000 [2.413878753406871, 48.865825009608812] 0.000000000000000 [2.413783866995195, 48.866352255738676] 0.000000000000000 
[2.413751408175390, 48.864045095994463] 0.000000000000000 [2.413523839336088, 48.863992462367221] 0.000000000000000 
[2.413179855427980, 48.866930661783641] 0.000000000000000 [2.413215725642919, 48.866419912289047] 0.000000000000000 
[2.413219861629832, 48.866289685067358] 0.000000000000000 [2.413417038858208, 48.866329706246646] 0.000000000000000 
[2.410764295638298, 48.870678967486569] 0.000000000000000 [2.410726674290105, 48.870901903552927] 0.000000000000000 
[2.412112473045614, 48.864744485966625] 0.000000000000000 [2.411868295590026, 48.864888431547591] 0.000000000000000 
[2.410114211441066, 48.875381599161962] 0.000000000000000 [2.409676793733866, 48.875713981294140] 0.000000000000000 [2.409030708093091, 48.876751706054407] 0.000000000000000 [2.408907058761431, 48.876917916731998] 0.000000000000000 [2.408887653918339, 48.876943998601220] 0.000000000000000 [2.408711310348553, 48.877120268652149] 0.000000000000000 [2.408442864966617, 48.877493880008863] 0.000000000000000 [2.408345352739556, 48.877549651152144] 0.000000000000000 
[2.410707092271785, 48.864200965426853] 0.000000000000000 [2.410663030817773, 48.864268915721055] 0.000000000000000 [2.410679382351045, 48.864302699894097] 0.000000000000000 [2.410793976351716, 48.864654368970164] 0.000000000000000 [2.410889488706088, 48.864694243705038] 0.000000000000000 [2.411936960750949, 48.864567605916378] 0.000000000000000 [2.411997351922962, 48.864546802336712] 0.000000000000000 [2.412862480695814, 48.863810477645146] 0.000000000000000 [2.412923499745078, 48.863745095489797] 0.000000000000000 [2.412936049633207, 48.863689476214859] 0.000000000000000 [2.412921245887749, 48.863653343659372] 0.000000000000000 [2.412895918345884, 48.863624161736958] 0.000000000000000 [2.412478016681046, 48.863408082352784] 0.000000000000000 
[2.411868295590026, 48.864888431547591] 0.000000000000000 [2.411719437813550, 48.865151477888190] 0.000000000000000 
[2.413584551564573, 48.866358163764353] 0.000000000000000 [2.413783866995195, 48.866352255738676] 0.000000000000000 
[2.413012889458025, 48.866361037189954] 0.000000000000000 [2.413215725642919, 48.866419912289047] 0.000000000000000 
[2.413068267286880, 48.864138450104711] 0.000000000000000 [2.412889958126624, 48.864479484611955] 0.000000000000000 
[2.413281016427927, 48.864570768801116] 0.000000000000000 [2.413195079761434, 48.864616338789794] 0.000000000000000 [2.413016497335422, 48.864779398201534] 0.000000000000000 [2.412934905642634, 48.864904452208428] 0.000000000000000 [2.412874663798033, 48.865086775563768] 0.000000000000000 [2.412857740100842, 48.865161300792018] 0.000000000000000 
[2.413361469534481, 48.873115092353736] 0.000000000000000 [2.413111410878291, 48.873983150993929] 0.000000000000000 [2.413046032336714, 48.874111799980199] 0.000000000000000 
[2.412524615531766, 48.872436067774288] 0.000000000000000 [2.412660293553269, 48.872548747297202] 0.000000000000000 
[2.412524615531766, 48.872436067774288] 0.000000000000000 [2.412678427380652, 48.872191821768595] 0.000000000000000 [2.413051285100877, 48.871395345667381] 0.000000000000000 [2.413211357446781, 48.870792373422702] 0.000000000000000 [2.413293859924458, 48.870099686838891] 0.000000000000000 [2.413261654567020, 48.869721652720635] 0.000000000000000 [2.413254400502374, 48.868814198485659] 0.000000000000000 
[2.413361469534481, 48.873115092353736] 0.000000000000000 [2.413450738519578, 48.873151966259478] 0.000000000000000 
[2.413840873573630, 48.870544262098591] 0.000000000000000 [2.413831275581687, 48.870500204369677] 0.000000000000000 [2.413920924598787, 48.869630301371714] 0.000000000000000 [2.413943248334386, 48.869556725452831] 0.000000000000000 
[2.413748568928689, 48.864413441653809] 0.000000000000000 [2.413698280630343, 48.864418511303661] 0.000000000000000 [2.413519378867525, 48.864460357870044] 0.000000000000000 [2.413470059700238, 48.864474869840095] 0.000000000000000 
[2.413068267286880, 48.864138450104711] 0.000000000000000 [2.412707412837384, 48.864367196793779] 0.000000000000000 
[2.413254400502374, 48.868814198485659] 0.000000000000000 [2.413179855427980, 48.866930661783641] 0.000000000000000 
[2.411189829552378, 48.875665038728364] 0.000000000000000 [2.411267898526706, 48.875686318643659] 0.000000000000000 [2.412004612152219, 48.875905232042065] 0.000000000000000 [2.412327943067997, 48.876003408719171] 0.000000000000000 [2.412430292553584, 48.876014212952228] 0.000000000000000 
[2.413881994271982, 48.864738412163881] 0.000000000000000 [2.413875424118130, 48.865170077949671] 0.000000000000000 
[2.413523839336088, 48.863992462367221] 0.000000000000000 [2.413482598328020, 48.864314394710497] 0.000000000000000 
[2.413046032336714, 48.874111799980199] 0.000000000000000 [2.412990153553989, 48.874175847960927] 0.000000000000000 [2.412682860000670, 48.875175948176079] 0.000000000000000 
[2.413867205506782, 48.864262283487726] 0.000000000000000 [2.413752536579544, 48.864272602953434] 0.000000000000000 
[2.413751408175390, 48.864045095994463] 0.000000000000000 [2.413752536579544, 48.864272602953434] 0.000000000000000 
[2.413482598328020, 48.864314394710497] 0.000000000000000 [2.413288472940640, 48.864366808211273] 0.000000000000000 
[2.413254400502374, 48.868814198485659] 0.000000000000000 [2.413097026450940, 48.868414306094891] 0.000000000000000 [2.412658204429448, 48.866694823864613] 0.000000000000000 [2.412584458527796, 48.866424290106842] 0.000000000000000 
[2.413445252908528, 48.868820994890420] 0.000000000000000 [2.413452492757744, 48.869717657900935] 0.000000000000000 [2.413484708276707, 48.870101087121384] 0.000000000000000 [2.413400595492078, 48.870808064446074] 0.000000000000000 [2.413237001777433, 48.871424897281230] 0.000000000000000 [2.412857488066588, 48.872234687381301] 0.000000000000000 [2.412660293553269, 48.872548747297202] 0.000000000000000 
[2.413748568928689, 48.864413441653809] 0.000000000000000 [2.413625013766467, 48.865167917836487] 0.000000000000000 
[2.412437368696783, 48.865157677435931] 0.000000000000000 [2.412383493952317, 48.865315787396895] 0.000000000000000 [2.412372486400178, 48.865426854741202] 0.000000000000000 [2.412382109554169, 48.865571452679994] 0.000000000000000 [2.412429232057163, 48.865725107574512] 0.000000000000000 [2.412553016492347, 48.865916121318904] 0.000000000000000 [2.412660580648323, 48.866016768948946] 0.000000000000000 [2.412804683818838, 48.866122967489311] 0.000000000000000 [2.412989676108457, 48.866226979552273] 0.000000000000000 
[2.413720534310680, 48.871704912442844] 0.000000000000000 [2.413639269005801, 48.871729553621961] 0.000000000000000 
[2.411457727578389, 48.863400930607355] 0.000000000000000 [2.411561184542794, 48.863476689835096] 0.000000000000000 [2.411716927527703, 48.863562612223006] 0.000000000000000 [2.411923100539128, 48.863609652821147] 0.000000000000000 [2.412108152983530, 48.863598434383000] 0.000000000000000 [2.412305734220758, 48.863534482318158] 0.000000000000000 [2.412478016681046, 48.863408082352784] 0.000000000000000 
[2.413871408394491, 48.864397459495727] 0.000000000000000 [2.413748568928689, 48.864413441653809] 0.000000000000000 
[2.413288472940640, 48.864366808211273] 0.000000000000000 [2.412961479613060, 48.864454975908387] 0.000000000000000 [2.412889958126624, 48.864479484611955] 0.000000000000000 
[2.412707412837384, 48.864367196793779] 0.000000000000000 [2.412909727822859, 48.864036397854782] 0.000000000000000 [2.412974277963090, 48.863909646770722] 0.000000000000000 [2.413562895683035, 48.861739031154023] 0.000000000000000 [2.413766628207081, 48.861277835135468] 0.000000000000000 
[2.413639269005801, 48.871729553621961] 0.000000000000000 [2.413595217999287, 48.872195246395201] 0.000000000000000 [2.413554165438685, 48.872431001459219] 0.000000000000000 
[2.413748568928689, 48.864413441653809] 0.000000000000000 [2.413767864601545, 48.865169143748389] 0.000000000000000 
[2.412989676108457, 48.866226979552273] 0.000000000000000 [2.413219861629832, 48.866289685067358] 0.000000000000000 
[2.413555862381517, 48.863810157634681] 0.000000000000000 [2.413523839336088, 48.863992462367221] 0.000000000000000 
[2.412660293553269, 48.872548747297202] 0.000000000000000 [2.411659174346668, 48.873758204847285] 0.000000000000000 
[2.410514828081490, 48.864176260726595] 0.000000000000000 [2.410478715796175, 48.864273873461023] 0.000000000000000 [2.410125862639291, 48.864790356803240] 0.000000000000000 
[2.413281016427927, 48.864570768801116] 0.000000000000000 [2.413288472940640, 48.864366808211273] 0.000000000000000 
[2.412889958126624, 48.864479484611955] 0.000000000000000 [2.412542548481520, 48.864587898558277] 0.000000000000000 [2.412112473045614, 48.864744485966625] 0.000000000000000 
[2.410114211441066, 48.875381599161962] 0.000000000000000 [2.410235814104658, 48.875191863953965] 0.000000000000000 [2.410587977981549, 48.874741100043146] 0.000000000000000 [2.411487043260294, 48.873711016126364] 0.000000000000000 
[2.410726674290105, 48.870901903552927] 0.000000000000000 [2.410693545127597, 48.870982248858496] 0.000000000000000 [2.410675833633416, 48.871136683462908] 0.000000000000000 
[2.409835066589612, 48.870623243446566] 0.000000000000000 [2.410584885894471, 48.870606367625705] 0.000000000000000 [2.410764295638298, 48.870678967486569] 0.000000000000000 
[2.413783866995195, 48.866352255738676] 0.000000000000000 [2.413931828075027, 48.866342650561158] 0.000000000000000 
[2.410621516571766, 48.871500340520569] 0.000000000000000 [2.410639865175690, 48.871564582145929] 0.000000000000000 [2.410584715290979, 48.872057195769301] 0.000000000000000 [2.410559315384196, 48.872267400476062] 0.000000000000000 [2.410250206807803, 48.873374337994335] 0.000000000000000 
[2.413288472940640, 48.864366808211273] 0.000000000000000 [2.413323635579320, 48.864008693591131] 0.000000000000000 
[2.413441407518250, 48.865166332838214] 0.000000000000000 [2.413417038858208, 48.866329706246646] 0.000000000000000 
[2.413219861629832, 48.866289685067358] 0.000000000000000 [2.413253575900407, 48.865164714252671] 0.000000000000000 
[2.413470059700238, 48.864474869840095] 0.000000000000000 [2.413441407518250, 48.865166332838214] 0.000000000000000 
[2.411050945082172, 48.867195590122229] 0.000000000000000 [2.410993567425810, 48.867880317509616] 0.000000000000000 
[2.410807128149917, 48.869870553106246] 0.000000000000000 [2.410755635618859, 48.870465089168093] 0.000000000000000 [2.410767534784725, 48.870611240158645] 0.000000000000000 [2.410764295638298, 48.870678967486569] 0.000000000000000 
[2.413406258538505, 48.867183080610481] 0.000000000000000 [2.413682645755935, 48.867158147250485] 0.000000000000000 
[2.410030521297099, 48.867132157989865] 0.000000000000000 [2.411050945082172, 48.867195590122229] 0.000000000000000 
[2.410870840730858, 48.869171541673190] 0.000000000000000 [2.410807128149917, 48.869870553106246] 0.000000000000000 
[2.410675833633416, 48.871136683462908] 0.000000000000000 [2.410927003765466, 48.871226205653286] 0.000000000000000 [2.412081610925227, 48.872173511532431] 0.000000000000000 [2.412524615531766, 48.872436067774288] 0.000000000000000 
[2.413470059700238, 48.864474869840095] 0.000000000000000 [2.413281016427927, 48.864570768801116] 0.000000000000000 
[2.413554165438685, 48.872431001459219] 0.000000000000000 [2.413644102293324, 48.872442002017507] 0.000000000000000 
[2.413807185235164, 48.870869175866773] 0.000000000000000 [2.413730406207481, 48.870929334906904] 0.000000000000000 [2.413706685789627, 48.871016940662841] 0.000000000000000 [2.413639269005801, 48.871729553621961] 0.000000000000000 
[2.412532904239954, 48.875667546340232] 0.000000000000000 [2.412430292553584, 48.876014212952228] 0.000000000000000 
[2.413924928892120, 48.863599936257252] 0.000000000000000 [2.413555862381517, 48.863810157634681] 0.000000000000000 
[2.413625013766467, 48.865167917836487] 0.000000000000000 [2.413601535271799, 48.865296494574132] 0.000000000000000 [2.413599007171197, 48.865380731329438] 0.000000000000000 [2.413596449015838, 48.865454437576410] 0.000000000000000 [2.413596566198721, 48.865529886354416] 0.000000000000000 [2.413608115112847, 48.865665012775011] 0.000000000000000 [2.413629030048912, 48.865880825124442] 0.000000000000000 [2.413624010856018, 48.866073866838157] 0.000000000000000 [2.413584551564573, 48.866358163764353] 0.000000000000000 
[2.411487043260294, 48.873711016126364] 0.000000000000000 [2.412524615531766, 48.872436067774288] 0.000000000000000 
[2.412584458527796, 48.866424290106842] 0.000000000000000 [2.413179855427980, 48.866930661783641] 0.000000000000000 
[2.413777990905618, 48.867464718018013] 0.000000000000000 [2.413755001245095, 48.867521333784538] 0.000000000000000 [2.413668530151808, 48.867754843884271] 0.000000000000000 [2.413528076995908, 48.868430473798121] 0.000000000000000 [2.413445252908528, 48.868820994890420] 0.000000000000000 
[2.413406258538505, 48.867183080610481] 0.000000000000000 [2.413590226652867, 48.867335402583336] 0.000000000000000 [2.413777990905618, 48.867464718018013] 0.000000000000000 
[2.411719166301471, 48.874887745242098] 0.000000000000000 [2.411793992877478, 48.874911616959459] 0.000000000000000 [2.412582744914023, 48.875145600959790] 0.000000000000000 [2.412682860000670, 48.875175948176079] 0.000000000000000 
[2.413179855427980, 48.866930661783641] 0.000000000000000 [2.413406258538505, 48.867183080610481] 0.000000000000000 
[2.410125862639291, 48.864790356803240] 0.000000000000000 [2.411116191488202, 48.865014786694410] 0.000000000000000 
[2.413422014146845, 48.867004294048073] 0.000000000000000 [2.413179855427980, 48.866930661783641] 0.000000000000000 
[2.413746920974198, 48.866878788904380] 0.000000000000000 [2.413631477537172, 48.866974477656377] 0.000000000000000 [2.413537871132648, 48.866999900154099] 0.000000000000000 [2.413439870428549, 48.867004191798792] 0.000000000000000 [2.413422014146845, 48.867004294048073] 0.000000000000000 
[2.413323635579320, 48.864008693591131] 0.000000000000000 [2.413496669515692, 48.862988618878802] 0.000000000000000 
[2.411116191488202, 48.865014786694410] 0.000000000000000 [2.411338340583518, 48.865196672765371] 0.000000000000000 [2.411615230218754, 48.865468091377132] 0.000000000000000 
[2.413835551740964, 48.867347620276135] 0.000000000000000 [2.413777990905618, 48.867464718018013] 0.000000000000000 
[2.410241464312126, 48.875510203614496] 0.000000000000000 [2.410121817532211, 48.876029783213511] 0.000000000000000 [2.409957065666679, 48.876324059461538] 0.000000000000000 [2.409910963588107, 48.876422146068208] 0.000000000000000 [2.409873321243251, 48.876589327592832] 0.000000000000000 [2.409885059319023, 48.876783896079431] 0.000000000000000 [2.409911186947399, 48.876852989062442] 0.000000000000000 [2.410008453108874, 48.877161944760779] 0.000000000000000 [2.410148514855217, 48.877199732296212] 0.000000000000000 
[2.413012889458025, 48.866361037189954] 0.000000000000000 [2.412989676108457, 48.866226979552273] 0.000000000000000 
[2.413772255366494, 48.866459709294602] 0.000000000000000 [2.413746920974198, 48.866878788904380] 0.000000000000000 
[2.413417038858208, 48.866329706246646] 0.000000000000000 [2.413584551564573, 48.866358163764353] 0.000000000000000 
[2.411615230218754, 48.865468091377132] 0.000000000000000 [2.411546702504261, 48.865700562646730] 0.000000000000000 [2.411410709915355, 48.865874013947320] 0.000000000000000 [2.411210334833864, 48.866374951702774] 0.000000000000000 [2.411140391881405, 48.866501057211494] 0.000000000000000 
[2.410514828081490, 48.864176260726595] 0.000000000000000 [2.410707092271785, 48.864200965426853] 0.000000000000000 
[2.413956218523238, 48.867129626405827] 0.000000000000000 [2.413870488615555, 48.867276562983285] 0.000000000000000 [2.413835551740964, 48.867347620276135] 0.000000000000000 
[2.410993567425810, 48.867880317509616] 0.000000000000000 [2.410870840730858, 48.869171541673190] 0.000000000000000 
[2.412707412837384, 48.864367196793779] 0.000000000000000 [2.412112473045614, 48.864744485966625] 0.000000000000000 
[2.411140391881405, 48.866501057211494] 0.000000000000000 [2.411050945082172, 48.867195590122229] 0.000000000000000 
[2.409835066589612, 48.870623243446566] 0.000000000000000 [2.410595647932046, 48.870694058074179] 0.000000000000000 [2.410764295638298, 48.870678967486569] 0.000000000000000 
[2.413785559393904, 48.867077808136820] 0.000000000000000 [2.413682645755935, 48.867158147250485] 0.000000000000000 
[2.412857740100842, 48.865161300792018] 0.000000000000000 [2.412865779522412, 48.865427786412425] 0.000000000000000 [2.412989676108457, 48.866226979552273] 0.000000000000000 
[2.413179855427980, 48.866930661783641] 0.000000000000000 [2.413113977085600, 48.866752973237354] 0.000000000000000 [2.413063373846606, 48.866643385431587] 0.000000000000000 [2.413012889458025, 48.866361037189954] 0.000000000000000 
[2.413752536579544, 48.864272602953434] 0.000000000000000 [2.413748568928689, 48.864413441653809] 0.000000000000000 
[2.413482598328020, 48.864314394710497] 0.000000000000000 [2.413470059700238, 48.864474869840095] 0.000000000000000 
[2.410756206955637, 48.863523788349674] 0.000000000000000 [2.410514828081490, 48.864176260726595] 0.000000000000000 
[2.412682860000670, 48.875175948176079] 0.000000000000000 [2.412579002973140, 48.875508451691012] 0.000000000000000 
[2.413425974986986, 48.866867061992401] 0.000000000000000 [2.413422014146845, 48.867004294048073] 0.000000000000000 
[2.413417038858208, 48.866329706246646] 0.000000000000000 [2.413417123818496, 48.866456539369743] 0.000000000000000 
[2.413253575900407, 48.865164714252671] 0.000000000000000 [2.413281016427927, 48.864570768801116] 0.000000000000000 
[2.411152998341648, 48.863317218450604] 0.000000000000000 [2.410756206955637, 48.863523788349674] 0.000000000000000 
[2.412365763724479, 48.873944428848596] 0.000000000000000 [2.412858078800267, 48.874079191180755] 0.000000000000000 [2.413046032336714, 48.874111799980199] 0.000000000000000 
[2.411615230218754, 48.865468091377132] 0.000000000000000 [2.411795258038588, 48.865627693362853] 0.000000000000000 
[2.413523839336088, 48.863992462367221] 0.000000000000000 [2.413323635579320, 48.864008693591131] 0.000000000000000 
[2.410147110847344, 48.866420477827766] 0.000000000000000 [2.410030521297099, 48.867132157989865] 0.000000000000000 
[2.411719437813550, 48.865151477888190] 0.000000000000000 [2.411615230218754, 48.865468091377132] 0.000000000000000 
[2.412660293553269, 48.872548747297202] 0.000000000000000 [2.413361469534481, 48.873115092353736] 0.000000000000000 
[2.413554165438685, 48.872431001459219] 0.000000000000000 [2.413538597379392, 48.872520372827502] 0.000000000000000 [2.413361469534481, 48.873115092353736] 0.000000000000000 
[2.410065742797546, 48.867910808619861] 0.000000000000000 [2.410993567425810, 48.867880317509616] 0.000000000000000 
[2.410675833633416, 48.871136683462908] 0.000000000000000 [2.410682440614665, 48.871252928843447] 0.000000000000000 [2.410648243864067, 48.871460378016877] 0.000000000000000 [2.410621516571766, 48.871500340520569] 0.000000000000000 
[2.411487043260294, 48.873711016126364] 0.000000000000000 [2.411659174346668, 48.873758204847285] 0.000000000000000 
[2.413496669515692, 48.862988618878802] 0.000000000000000 [2.413338866163728, 48.863364082683496] 0.000000000000000 [2.413068267286880, 48.864138450104711] 0.000000000000000 
[2.412579002973140, 48.875508451691012] 0.000000000000000 [2.412743508113515, 48.875547335574637] 0.000000000000000 
[2.413046032336714, 48.874111799980199] 0.000000000000000 [2.413174989001730, 48.874085913643206] 0.000000000000000 
[2.413568762469521, 48.866470484734357] 0.000000000000000 [2.413521271098806, 48.866717934101011] 0.000000000000000 [2.413425974986986, 48.866867061992401] 0.000000000000000 
[2.413584551564573, 48.866358163764353] 0.000000000000000 [2.413568762469521, 48.866470484734357] 0.000000000000000 
[2.413555862381517, 48.863810157634681] 0.000000000000000 [2.413323635579320, 48.864008693591131] 0.000000000000000 
[2.413422014146845, 48.867004294048073] 0.000000000000000 [2.413406258538505, 48.867183080610481] 0.000000000000000 
[2.411795258038588, 48.865627693362853] 0.000000000000000 [2.412584458527796, 48.866424290106842] 0.000000000000000 
[2.411189829552378, 48.875665038728364] 0.000000000000000 [2.411517578350396, 48.875183217926370] 0.000000000000000 [2.411658113346583, 48.874976805413084] 0.000000000000000 [2.411719166301471, 48.874887745242098] 0.000000000000000 
[2.413496669515692, 48.862988618878802] 0.000000000000000 [2.413766628207081, 48.861277835135468] 0.000000000000000 
[2.413783866995195, 48.866352255738676] 0.000000000000000 [2.413779681653832, 48.866387177208992] 0.000000000000000 [2.413777494045351, 48.866409318981212] 0.000000000000000 [2.413772255366494, 48.866459709294602] 0.000000000000000 
[2.413215725642919, 48.866419912289047] 0.000000000000000 [2.413417123818496, 48.866456539369743] 0.000000000000000 
[2.413752536579544, 48.864272602953434] 0.000000000000000 [2.413624939150721, 48.864287455491038] 0.000000000000000 [2.413482598328020, 48.864314394710497] 0.000000000000000 
[2.412478016681046, 48.863408082352784] 0.000000000000000 [2.412563573473398, 48.863282810531267] 0.000000000000000 [2.412664289177572, 48.862773870684698] 0.000000000000000 [2.412704318674530, 48.862405581972368] 0.000000000000000 [2.412894717313759, 48.861032728697460] 0.000000000000000 
[2.410147110847344, 48.866420477827766] 0.000000000000000 [2.411140391881405, 48.866501057211494] 0.000000000000000 
[2.410726674290105, 48.870901903552927] 0.000000000000000 [2.410948079047504, 48.871106983923333] 0.000000000000000 [2.412208029108455, 48.872140595348554] 0.000000000000000 [2.412524615531766, 48.872436067774288] 0.000000000000000 
[2.413682645755935, 48.867158147250485] 0.000000000000000 [2.413835551740964, 48.867347620276135] 0.000000000000000 
[2.413406258538505, 48.867183080610481] 0.000000000000000 [2.413445252908528, 48.868820994890420] 0.000000000000000 
[2.413767864601545, 48.865169143748389] 0.000000000000000 [2.413783866995195, 48.866352255738676] 0.000000000000000 
[2.410241464312126, 48.875510203614496] 0.000000000000000 [2.409314153898263, 48.877032954768374] 0.000000000000000 
[2.409983299342124, 48.869136043871755] 0.000000000000000 [2.410870840730858, 48.869171541673190] 0.000000000000000 
[2.413835551740964, 48.867347620276135] 0.000000000000000 [2.413966216995997, 48.867451397884039] 0.000000000000000 
[2.412532904239954, 48.875667546340232] 0.000000000000000 [2.412696591394765, 48.875706223916893] 0.000000000000000 
[2.413943248334386, 48.869556725452831] 0.000000000000000 [2.413936218125300, 48.869436029924081] 0.000000000000000 [2.413992638459407, 48.868897460327297] 0.000000000000000 [2.413979354868275, 48.868171619460433] 0.000000000000000 [2.413987006093393, 48.868121137604447] 0.000000000000000 
[2.411795258038588, 48.865627693362853] 0.000000000000000 [2.412511596025047, 48.866106435602468] 0.000000000000000 [2.412698374570814, 48.866219899037887] 0.000000000000000 [2.412875710605604, 48.866308620027716] 0.000000000000000 [2.413012889458025, 48.866361037189954] 0.000000000000000 
[2.413916251493665, 48.865842079213053] 0.000000000000000 [2.413783866995195, 48.866352255738676] 0.000000000000000 
[2.413906324112924, 48.863741431831713] 0.000000000000000 [2.413821216443967, 48.863802901286924] 0.000000000000000 [2.413751408175390, 48.864045095994463] 0.000000000000000 
[2.413772255366494, 48.866459709294602] 0.000000000000000 [2.413934570840039, 48.866432189465662] 0.000000000000000 
[2.413417123818496, 48.866456539369743] 0.000000000000000 [2.413425974986986, 48.866867061992401] 0.000000000000000 
[2.413417123818496, 48.866456539369743] 0.000000000000000 [2.413568762469521, 48.866470484734357] 0.000000000000000 
[2.413568762469521, 48.866470484734357] 0.000000000000000 [2.413772255366494, 48.866459709294602] 0.000000000000000 
[2.411659174346668, 48.873758204847285] 0.000000000000000 [2.410755073134010, 48.874801252452421] 0.000000000000000 [2.410403717754014, 48.875244641797821] 0.000000000000000 [2.410241464312126, 48.875510203614496] 0.000000000000000 
[2.411008517918146, 48.863582113272756] 0.000000000000000 [2.410792413053166, 48.864088014727962] 0.000000000000000 [2.410726896193176, 48.864118012502821] 0.000000000000000 [2.410707092271785, 48.864200965426853] 0.000000000000000 
[2.411152998341648, 48.863317218450604] 0.000000000000000 [2.411195959764650, 48.863362630674082] 0.000000000000000 [2.411381503692621, 48.863397608599350] 0.000000000000000 [2.411457727578389, 48.863400930607355] 0.000000000000000 
[2.413746920974198, 48.866878788904380] 0.000000000000000 [2.413759426022548, 48.866943914513378] 0.000000000000000 [2.413761595681140, 48.867006709674087] 0.000000000000000 [2.413785559393904, 48.867077808136820] 0.000000000000000 
