[2.423719680743700, 48.828596409812704] 0.000000000000000 [2.423460446547174, 48.829281135608390] 0.000000000000000 [2.423427513846817, 48.829377203703082] 0.000000000000000 
[2.431309227362771, 48.835192532839130] 0.000000000000000 [2.431350048661254, 48.835426607648621] 0.000000000000000 
[2.410427373674564, 48.834083450764133] 0.000000000000000 [2.410516493644600, 48.834179453751148] 0.000000000000000 
[2.422595311836133, 48.824292108689171] 0.000000000000000 [2.421960924588307, 48.824564579691398] 0.000000000000000 [2.421516097851078, 48.824795485347927] 0.000000000000000 [2.421307798262386, 48.824921808633832] 0.000000000000000 [2.420932778904472, 48.825201131100933] 0.000000000000000 [2.420600558743855, 48.825502363311855] 0.000000000000000 [2.420452643570536, 48.825661383700293] 0.000000000000000 [2.419714487126006, 48.826582412024891] 0.000000000000000 
[2.410878496627551, 48.834149434903665] 0.000000000000000 [2.411193669623155, 48.834049158151601] 0.000000000000000 
[2.437253706968166, 48.825346268473197] 0.000000000000000 [2.437564079066732, 48.825202020036407] 0.000000000000000 
[2.431125699008622, 48.835187720908891] 0.000000000000000 [2.431088069192099, 48.835106089456183] 0.000000000000000 [2.431075840850798, 48.835058015276267] 0.000000000000000 [2.430975657067283, 48.834990382478765] 0.000000000000000 
[2.429592174069837, 48.833289592647048] 0.000000000000000 [2.429562187018096, 48.833213763723457] 0.000000000000000 [2.429498340953757, 48.833030165364853] 0.000000000000000 [2.429426640280312, 48.832761313872062] 0.000000000000000 [2.429405935265576, 48.832658461900984] 0.000000000000000 [2.429377607873650, 48.832471022560433] 0.000000000000000 [2.429361213038439, 48.832282952099035] 0.000000000000000 
[2.411156415887932, 48.834278965513860] 0.000000000000000 [2.411160702434127, 48.834093063797027] 0.000000000000000 [2.411193669623155, 48.834049158151601] 0.000000000000000 
[2.429361213038439, 48.832282952099035] 0.000000000000000 [2.429364809987997, 48.831953364897785] 0.000000000000000 [2.429481613988647, 48.831110828074507] 0.000000000000000 [2.429689257550490, 48.830190079599028] 0.000000000000000 [2.429853400222226, 48.829611702962438] 0.000000000000000 
[2.419395029262678, 48.827445678591346] 0.000000000000000 [2.419313219833724, 48.827523776489137] 0.000000000000000 [2.419362888120260, 48.828319760754034] 0.000000000000000 
[2.430908310967964, 48.827002757403854] 0.000000000000000 [2.431699595761136, 48.825477739213142] 0.000000000000000 [2.432226528504789, 48.824546018361708] 0.000000000000000 [2.432519284753249, 48.824088400931323] 0.000000000000000 [2.432824173624246, 48.823667301552007] 0.000000000000000 [2.433100132191096, 48.823374686743158] 0.000000000000000 [2.433406088967762, 48.823130993460516] 0.000000000000000 [2.433860949752546, 48.822843468448895] 0.000000000000000 [2.434235855437942, 48.822622115080378] 0.000000000000000 [2.434655025298077, 48.822403762334226] 0.000000000000000 
[2.411406367303202, 48.829586799704757] 0.000000000000000 [2.411405957102074, 48.829585729237174] 0.000000000000000 [2.411405273148964, 48.829583688803410] 0.000000000000000 [2.411404684657472, 48.829581638946344] 0.000000000000000 [2.411404191627586, 48.829579579666031] 0.000000000000000 [2.411403792788517, 48.829577502861930] 0.000000000000000 [2.411403504293096, 48.829575425701520] 0.000000000000000 [2.411403309897186, 48.829573339111185] 0.000000000000000 [2.411403198591770, 48.829571252929767] 0.000000000000000 [2.411403194905741, 48.829569166378619] 0.000000000000000 [2.411403301553058, 48.829567080370452] 0.000000000000000 [2.411403488475329, 48.829565002851680] 0.000000000000000 [2.411403784480446, 48.829562915976709] 0.000000000000000 [2.411404177096103, 48.829560838570870] 0.000000000000000 [2.411404664868537, 48.829558778721335] 0.000000000000000 [2.411405246527160, 48.829556728327525] 0.000000000000000 [2.411405924806344, 48.829554686503506] 0.000000000000000 [2.411406698242373, 48.829552662235848] 0.000000000000000 [2.411407566824983, 48.829550656423756] 0.000000000000000 [2.411408530564521, 48.829548668167931] 0.000000000000000 [2.411409590812885, 48.829546698374401] 0.000000000000000 [2.411410732393654, 48.829544764056514] 0.000000000000000 [2.411411981583306, 48.829542830268181] 0.000000000000000 [2.411413299744545, 48.829540940888293] 0.000000000000000 [2.411414728046056, 48.829539069138399] 0.000000000000000 [2.411416222686197, 48.829537233689678] 0.000000000000000 [2.411417813743734, 48.829535424797136] 0.000000000000000 [2.411419501005434, 48.829533661346353] 0.000000000000000 [2.411421254717439, 48.829531924304263] 0.000000000000000 [2.411423091113705, 48.829530223643793] 0.000000000000000 [2.411425008832067, 48.829528559358145] 0.000000000000000 [2.411427009153458, 48.829526938648684] 0.000000000000000 [2.411429077063926, 48.829525364139556] 0.000000000000000 [2.411431212685313, 48.829523825038969] 0.000000000000000 [2.411433430899569, 48.829522330413781] 0.000000000000000 [2.411435717973583, 48.829520890089526] 0.000000000000000 [2.411438057663343, 48.829519494992539] 0.000000000000000 [2.411440479945871, 48.829518144370958] 0.000000000000000 [2.411442957466840, 48.829516847983214] 0.000000000000000 [2.411445488975876, 48.829515595930154] 0.000000000000000 [2.411448089344580, 48.829514398177963] 0.000000000000000 [2.411450729866724, 48.829513263579038] 0.000000000000000 [2.411453437998163, 48.829512173381779] 0.000000000000000 [2.411456189007279, 48.829511146351223] 0.000000000000000 [2.411458978909218, 48.829510173474034] 0.000000000000000 [2.411461824049530, 48.829509254830697] 0.000000000000000 [2.411464710715527, 48.829508398447992] 0.000000000000000 [2.411467638897066, 48.829507605225245] 0.000000000000000 [2.411470592360191, 48.829506865189593] 0.000000000000000 [2.411473588690883, 48.829506189219870] 0.000000000000000 [2.411476611563715, 48.829505575437047] 0.000000000000000 [2.411479660968542, 48.829505024740463] 0.000000000000000 [2.411482739731223, 48.829504528150338] 0.000000000000000 [2.411485829941017, 48.829504103565874] 0.000000000000000 [2.411488949407062, 48.829503742081016] 0.000000000000000 [2.411492068162509, 48.829503443548369] 0.000000000000000 [2.411495213460057, 48.829503207202578] 0.000000000000000 [2.411498372918937, 48.829503043775169] 0.000000000000000 [2.411501533039366, 48.829502942407323] 0.000000000000000 [2.411504693912825, 48.829502895005149] 0.000000000000000 [2.411507853963970, 48.829502920447659] 0.000000000000000 [2.411511013314637, 48.829503007942996] 0.000000000000000 [2.411514173306595, 48.829503159296500] 0.000000000000000 [2.411517306616005, 48.829503381568713] 0.000000000000000 [2.411520440566832, 48.829503667699072] 0.000000000000000 [2.411523560297325, 48.829504006822070] 0.000000000000000 [2.411526665584157, 48.829504418722728] 0.000000000000000 [2.411529744279852, 48.829504893448188] 0.000000000000000 [2.411532796384320, 48.829505430998495] 0.000000000000000 [2.411535835518991, 48.829506031440637] 0.000000000000000 [2.411538833078974, 48.829506694633857] 0.000000000000000 [2.411541802776958, 48.829507412551344] 0.000000000000000 [2.411544732160924, 48.829508202219841] 0.000000000000000 [2.411547621433801, 48.829509045652948] 0.000000000000000 [2.411550482855060, 48.829509942911024] 0.000000000000000 [2.411553290442213, 48.829510902859873] 0.000000000000000 [2.411556056546190, 48.829511917465986] 0.000000000000000 [2.411558768816276, 48.829512994762922] 0.000000000000000 [2.411561427455398, 48.829514116764294] 0.000000000000000 [2.411562122720736, 48.829514431366356] 0.000000000000000 
[2.419441866656302, 48.828011828188473] 0.000000000000000 [2.419565195890692, 48.827968213873625] 0.000000000000000 [2.419758685214053, 48.828098737365536] 0.000000000000000 [2.419977714607842, 48.828270069105344] 0.000000000000000 [2.420460987493885, 48.828607213324617] 0.000000000000000 [2.420938959570780, 48.828865493045839] 0.000000000000000 [2.421452692841716, 48.829084984985954] 0.000000000000000 [2.422054128630829, 48.829293977492476] 0.000000000000000 [2.422326293129992, 48.829385859555579] 0.000000000000000 
[2.425323461242955, 48.829250863652220] 0.000000000000000 [2.426158071763315, 48.829108027037947] 0.000000000000000 [2.426829043168220, 48.828860899522013] 0.000000000000000 
[2.416789977406473, 48.827838812611041] 0.000000000000000 [2.416605906310632, 48.827920091932818] 0.000000000000000 [2.416288260889488, 48.828121958461182] 0.000000000000000 [2.416082968785439, 48.828272972939239] 0.000000000000000 
[2.420255244714537, 48.829703311106137] 0.000000000000000 [2.420440950189472, 48.829662419383475] 0.000000000000000 [2.420557719251710, 48.829636704780022] 0.000000000000000 [2.420914453991301, 48.829567413201367] 0.000000000000000 [2.421274977062466, 48.829507236886094] 0.000000000000000 [2.421454748814490, 48.829478353801676] 0.000000000000000 [2.421732535081282, 48.829440430897002] 0.000000000000000 [2.422012526251906, 48.829410257955310] 0.000000000000000 [2.422326293129992, 48.829385859555579] 0.000000000000000 
[2.412179334009596, 48.836205402576034] 0.000000000000000 [2.411796964788837, 48.835582988783223] 0.000000000000000 [2.411304073377846, 48.835105256848450] 0.000000000000000 [2.410800315075272, 48.834734094957234] 0.000000000000000 [2.410214012508236, 48.834361635220660] 0.000000000000000 
[2.431060714873301, 48.834982973440603] 0.000000000000000 [2.431142546022399, 48.835020558450481] 0.000000000000000 [2.431251824780094, 48.835035162124022] 0.000000000000000 [2.431324743849272, 48.835077844480750] 0.000000000000000 [2.431343158882680, 48.835126669334279] 0.000000000000000 [2.431309227362771, 48.835192532839130] 0.000000000000000 
[2.410718496230403, 48.834198674751256] 0.000000000000000 [2.410791786026071, 48.834310632488119] 0.000000000000000 [2.410872300325703, 48.834407791644423] 0.000000000000000 [2.411241261260260, 48.834639833791748] 0.000000000000000 [2.411553145590386, 48.834870662209454] 0.000000000000000 [2.411953081236972, 48.835223535458638] 0.000000000000000 [2.412046944240768, 48.835406745647965] 0.000000000000000 [2.412167440788395, 48.835727086547429] 0.000000000000000 
[2.423944866830276, 48.826435729038614] 0.000000000000000 [2.423939053007469, 48.827005784003667] 0.000000000000000 [2.423865259278494, 48.827645945227864] 0.000000000000000 
[2.437814210204010, 48.834790723574216] 0.000000000000000 [2.436169889770738, 48.839371875169874] 0.000000000000000 [2.435845948815501, 48.840303132554617] 0.000000000000000 
[2.434543753067381, 48.835183690133519] 0.000000000000000 [2.435224967156218, 48.835101845223292] 0.000000000000000 [2.437814210204010, 48.834790723574216] 0.000000000000000 
[2.416789977406473, 48.827838812611041] 0.000000000000000 [2.416407573911974, 48.827881885917506] 0.000000000000000 [2.416130506082657, 48.827922573645466] 0.000000000000000 [2.415856268303627, 48.827970929980722] 0.000000000000000 [2.415585380480550, 48.828026863049189] 0.000000000000000 [2.415318288922416, 48.828090285118208] 0.000000000000000 [2.415264143579274, 48.828104872566954] 0.000000000000000 
[2.423427513846817, 48.829377203703082] 0.000000000000000 [2.424635637357874, 48.829325244800145] 0.000000000000000 [2.425323461242955, 48.829250863652220] 0.000000000000000 
[2.419395029262678, 48.827445678591346] 0.000000000000000 [2.419432633112192, 48.827535578567947] 0.000000000000000 [2.419407503228101, 48.827724129704642] 0.000000000000000 [2.419407718628250, 48.827854012142801] 0.000000000000000 [2.419441866656302, 48.828011828188473] 0.000000000000000 
[2.422326293129992, 48.829385859555579] 0.000000000000000 [2.422577001505969, 48.829373404376831] 0.000000000000000 [2.422860505796988, 48.829366779247785] 0.000000000000000 [2.423144173307513, 48.829368047977127] 0.000000000000000 [2.423427513846817, 48.829377203703082] 0.000000000000000 
[2.411543231663537, 48.834435860179880] 0.000000000000000 [2.411156415887932, 48.834278965513860] 0.000000000000000 
[2.413601998764577, 48.827064258502404] 0.000000000000000 [2.413095361882537, 48.827226990083481] 0.000000000000000 [2.412740480618996, 48.827365239294814] 0.000000000000000 [2.412270900928039, 48.827574633229226] 0.000000000000000 [2.411826142029458, 48.827808018427369] 0.000000000000000 [2.411402515993162, 48.828057935623832] 0.000000000000000 [2.410999473259013, 48.828321776854885] 0.000000000000000 [2.410620964293666, 48.828600977393421] 0.000000000000000 [2.410275850443987, 48.828898411468060] 0.000000000000000 [2.409969031472306, 48.829213625061804] 0.000000000000000 [2.409666107698778, 48.829550228703148] 0.000000000000000 [2.409451449074079, 48.829871955628235] 0.000000000000000 
[2.430908310967964, 48.827002757403854] 0.000000000000000 [2.431646768472054, 48.826774897728036] 0.000000000000000 [2.433475910579309, 48.826199082639832] 0.000000000000000 [2.434096907200458, 48.826023824650846] 0.000000000000000 [2.434305563457039, 48.825975265626084] 0.000000000000000 
[2.428083773166805, 48.825586988887764] 0.000000000000000 [2.428323439584612, 48.825861983797580] 0.000000000000000 [2.428563299711060, 48.826166635765432] 0.000000000000000 
[2.410610668278155, 48.834035077058864] 0.000000000000000 [2.411306483058256, 48.833917916137885] 0.000000000000000 
[2.419259460588626, 48.828685607071549] 0.000000000000000 [2.419229424969054, 48.828774926718744] 0.000000000000000 [2.419056302585051, 48.829102748064543] 0.000000000000000 [2.418845775640018, 48.829463329341444] 0.000000000000000 [2.418578314568146, 48.829826828826626] 0.000000000000000 [2.418269852500861, 48.830190896250812] 0.000000000000000 [2.417922265593021, 48.830539073933124] 0.000000000000000 [2.417146941916262, 48.831206885291742] 0.000000000000000 [2.416293988977027, 48.831810987269144] 0.000000000000000 [2.415867017942833, 48.832106786934013] 0.000000000000000 [2.415400108662539, 48.832389032447139] 0.000000000000000 [2.414490773958090, 48.832852423217567] 0.000000000000000 [2.413548927670580, 48.833267987533070] 0.000000000000000 [2.412874633501797, 48.833543851172095] 0.000000000000000 [2.412788376388340, 48.833631327095965] 0.000000000000000 
[2.427517504516218, 48.835267251020980] 0.000000000000000 [2.427089507196178, 48.835427023031428] 0.000000000000000 [2.426717677228557, 48.835536309043100] 0.000000000000000 [2.425950942039587, 48.835728907506393] 0.000000000000000 [2.425166188315314, 48.835904157509844] 0.000000000000000 [2.424606989509950, 48.835984895375084] 0.000000000000000 [2.423931983831276, 48.836057715271785] 0.000000000000000 [2.423409171010980, 48.836070074347901] 0.000000000000000 [2.422753643534483, 48.836064995163653] 0.000000000000000 
[2.429853400222226, 48.829611702962438] 0.000000000000000 [2.430120964654261, 48.828838646221811] 0.000000000000000 [2.430394632948490, 48.828129073216452] 0.000000000000000 [2.430908310967964, 48.827002757403854] 0.000000000000000 
[2.410427373674564, 48.834083450764133] 0.000000000000000 [2.410610668278155, 48.834035077058864] 0.000000000000000 
[2.410214012508236, 48.834361635220660] 0.000000000000000 [2.410100463512174, 48.834319065071803] 0.000000000000000 
[2.423577054776239, 48.824436382303247] 0.000000000000000 [2.425464508998614, 48.827009102986111] 0.000000000000000 
[2.425464508998614, 48.827009102986111] 0.000000000000000 [2.424928040212797, 48.827332809086137] 0.000000000000000 [2.424502042874404, 48.827666409493894] 0.000000000000000 [2.424220900545524, 48.827966083732200] 0.000000000000000 [2.423955843167829, 48.828274558588156] 0.000000000000000 [2.423836942161752, 48.828433461688597] 0.000000000000000 [2.423719680743700, 48.828596409812704] 0.000000000000000 
[2.424429730138832, 48.824269030579707] 0.000000000000000 [2.425378735554879, 48.824719579723144] 0.000000000000000 [2.426417444509039, 48.825178197803972] 0.000000000000000 [2.427694363304975, 48.825798450074501] 0.000000000000000 
[2.430543229738726, 48.835663351938273] 0.000000000000000 [2.430282490602609, 48.834766997328387] 0.000000000000000 [2.430299478394303, 48.834469142980190] 0.000000000000000 
[2.412656231883375, 48.824814592550084] 0.000000000000000 [2.412705876937554, 48.824914756525985] 0.000000000000000 [2.412768472967556, 48.824986746509850] 0.000000000000000 [2.412910682397105, 48.825108215906646] 0.000000000000000 [2.413042301494475, 48.825188001253686] 0.000000000000000 [2.413273909260310, 48.825298986981828] 0.000000000000000 [2.413479127885347, 48.825350943923816] 0.000000000000000 
[2.410167979068969, 48.834183437576570] 0.000000000000000 [2.410324595893567, 48.834241501995287] 0.000000000000000 
[2.428563299711060, 48.826166635765432] 0.000000000000000 [2.428861171936062, 48.826612525869784] 0.000000000000000 [2.429143938241018, 48.827135234407557] 0.000000000000000 [2.429365356648322, 48.827625241485421] 0.000000000000000 
[2.419338101440778, 48.828420327353179] 0.000000000000000 [2.419439076928916, 48.828423806171379] 0.000000000000000 
[2.437814210204010, 48.834790723574216] 0.000000000000000 [2.444162172693695, 48.834027675772795] 0.000000000000000 
[2.419395029262678, 48.827445678591346] 0.000000000000000 [2.419515891801771, 48.827476435523913] 0.000000000000000 [2.419965287568575, 48.827433842711912] 0.000000000000000 [2.420167894539244, 48.827396914117273] 0.000000000000000 [2.420458825505079, 48.827317654542426] 0.000000000000000 [2.420836538233183, 48.827170974273415] 0.000000000000000 [2.421091783647917, 48.827092728395030] 0.000000000000000 [2.421350301656737, 48.827033616588480] 0.000000000000000 
[2.416082968785439, 48.828272972939239] 0.000000000000000 [2.415882934769071, 48.828432994722050] 0.000000000000000 [2.415711642923106, 48.828587806237643] 0.000000000000000 [2.415544606708307, 48.828781275136755] 0.000000000000000 [2.415390143148642, 48.829002369957529] 0.000000000000000 [2.415260786053211, 48.829217915884165] 0.000000000000000 [2.415185733161479, 48.829380943309808] 0.000000000000000 [2.415110477217519, 48.829414142387037] 0.000000000000000 [2.414746679030621, 48.829335184350455] 0.000000000000000 [2.414469842679558, 48.829294905585350] 0.000000000000000 [2.414243444008891, 48.829279952086395] 0.000000000000000 [2.413825436458236, 48.829288329522917] 0.000000000000000 [2.413410849670713, 48.829306234889422] 0.000000000000000 [2.412724115623473, 48.829410650301178] 0.000000000000000 [2.411693860723670, 48.829640252555890] 0.000000000000000 [2.411541936827010, 48.829632870503353] 0.000000000000000 
[2.430975657067283, 48.834990382478765] 0.000000000000000 [2.430299478394303, 48.834469142980190] 0.000000000000000 
[2.426829043168220, 48.828860899522013] 0.000000000000000 [2.427197308016316, 48.828690375752899] 0.000000000000000 [2.428819204462853, 48.827857696620555] 0.000000000000000 [2.429151803435186, 48.827705359688231] 0.000000000000000 [2.429365356648322, 48.827625241485421] 0.000000000000000 
[2.419395029262678, 48.827445678591346] 0.000000000000000 [2.418657528958518, 48.827316643792372] 0.000000000000000 [2.417923486200400, 48.827100785358908] 0.000000000000000 [2.417311190476956, 48.826972623118621] 0.000000000000000 [2.416859855502955, 48.826908643731670] 0.000000000000000 [2.416390858740761, 48.826872281518526] 0.000000000000000 [2.416017099652499, 48.826856715506942] 0.000000000000000 [2.415722494507463, 48.826854320506413] 0.000000000000000 [2.415158236436475, 48.826867831110604] 0.000000000000000 [2.414546230014420, 48.826918160237661] 0.000000000000000 [2.414357264973071, 48.826935123476609] 0.000000000000000 [2.414159836456609, 48.826958540204437] 0.000000000000000 [2.413987092616146, 48.826984259438042] 0.000000000000000 [2.413601998764577, 48.827064258502404] 0.000000000000000 
[2.429365356648322, 48.827625241485421] 0.000000000000000 [2.430908310967964, 48.827002757403854] 0.000000000000000 
[2.434305563457039, 48.825975265626084] 0.000000000000000 [2.434655798558658, 48.826101250550870] 0.000000000000000 [2.437731757355939, 48.827028858870456] 0.000000000000000 [2.438191108491040, 48.827162739017304] 0.000000000000000 [2.438567008843078, 48.827281638799150] 0.000000000000000 [2.438924737404108, 48.827398603027284] 0.000000000000000 [2.439023091725356, 48.827446724583730] 0.000000000000000 [2.439151537234101, 48.827482985124384] 0.000000000000000 [2.439309229853675, 48.827508859155614] 0.000000000000000 [2.439462034183675, 48.827547749987772] 0.000000000000000 [2.439799875784497, 48.827675151724208] 0.000000000000000 [2.439925628362802, 48.827719749427395] 0.000000000000000 [2.440152253942350, 48.827791081659427] 0.000000000000000 [2.440236813742414, 48.827800034051180] 0.000000000000000 [2.440298558807075, 48.827861245235887] 0.000000000000000 
[2.410516493644600, 48.834179453751148] 0.000000000000000 [2.410718496230403, 48.834198674751256] 0.000000000000000 
[2.437632662707460, 48.825441895779264] 0.000000000000000 [2.439282614583623, 48.825096044844805] 0.000000000000000 [2.441386319391020, 48.824894620329189] 0.000000000000000 
[2.413601998764577, 48.827064258502404] 0.000000000000000 [2.413077686990828, 48.827194403727866] 0.000000000000000 [2.412774492208829, 48.827231863441980] 0.000000000000000 [2.412452633109594, 48.827240521921098] 0.000000000000000 [2.411826066606885, 48.827213427029911] 0.000000000000000 [2.409691567522313, 48.826967954253568] 0.000000000000000 [2.409516253046013, 48.826951519769942] 0.000000000000000 
[2.430624634444417, 48.823160099464182] 0.000000000000000 [2.430783142010936, 48.823092910174971] 0.000000000000000 
[2.415264143579274, 48.828104872566954] 0.000000000000000 [2.415055471626834, 48.828161077135540] 0.000000000000000 [2.414797418939335, 48.828239112918190] 0.000000000000000 [2.414623562838115, 48.828296695839661] 0.000000000000000 [2.414471529895471, 48.828348094272499] 0.000000000000000 [2.413803470714288, 48.828584364786828] 0.000000000000000 [2.413146593305552, 48.828833933211712] 0.000000000000000 [2.411950888491322, 48.829335174886914] 0.000000000000000 [2.411868729930884, 48.829371964246548] 0.000000000000000 [2.411562122720736, 48.829514431366356] 0.000000000000000 
[2.409595315038857, 48.834477292594407] 0.000000000000000 [2.409967866460966, 48.834273125365854] 0.000000000000000 
[2.427517504516218, 48.835267251020980] 0.000000000000000 [2.427569494749638, 48.835316031202751] 0.000000000000000 [2.427055932167492, 48.835692965307288] 0.000000000000000 [2.426563710094583, 48.836123577068342] 0.000000000000000 
[2.410324595893567, 48.834241501995287] 0.000000000000000 [2.410414843731175, 48.834297657089820] 0.000000000000000 
[2.419338101440778, 48.828420327353179] 0.000000000000000 [2.419309121555515, 48.828537919297453] 0.000000000000000 
[2.419259460588626, 48.828685607071549] 0.000000000000000 [2.419309121555515, 48.828537919297453] 0.000000000000000 
[2.422595311836133, 48.824292108689171] 0.000000000000000 [2.422800054699236, 48.824238141933364] 0.000000000000000 [2.422859177459439, 48.824207458345995] 0.000000000000000 
[2.409595315038857, 48.834477292594407] 0.000000000000000 [2.409932438226212, 48.834450934718902] 0.000000000000000 
[2.428563299711060, 48.826166635765432] 0.000000000000000 [2.428775148860271, 48.826287678535287] 0.000000000000000 [2.429734130171498, 48.826707041408525] 0.000000000000000 [2.430329039522982, 48.826983000500789] 0.000000000000000 [2.430478718074281, 48.827059397024925] 0.000000000000000 [2.430908310967964, 48.827002757403854] 0.000000000000000 
[2.431326579767673, 48.835607624727153] 0.000000000000000 [2.431351239454448, 48.835695597855064] 0.000000000000000 [2.431729871293042, 48.837574886593913] 0.000000000000000 
[2.426829043168220, 48.828860899522013] 0.000000000000000 [2.427977892611732, 48.830413556291305] 0.000000000000000 
[2.415264143579274, 48.828104872566954] 0.000000000000000 [2.415357192591480, 48.828179088286745] 0.000000000000000 [2.416082968785439, 48.828272972939239] 0.000000000000000 
[2.412179334009596, 48.836205402576034] 0.000000000000000 [2.411618116853752, 48.835592368178517] 0.000000000000000 [2.411336848349037, 48.835342734006410] 0.000000000000000 [2.411098971451866, 48.835138762970900] 0.000000000000000 [2.410785331355315, 48.834918186509967] 0.000000000000000 [2.409932438226212, 48.834450934718902] 0.000000000000000 
[2.410672923630911, 48.834128876313947] 0.000000000000000 [2.410718496230403, 48.834198674751256] 0.000000000000000 
[2.430543229738726, 48.835663351938273] 0.000000000000000 [2.429971217919496, 48.835733515130670] 0.000000000000000 [2.426563710094583, 48.836123577068342] 0.000000000000000 
[2.409932438226212, 48.834450934718902] 0.000000000000000 [2.410214012508236, 48.834361635220660] 0.000000000000000 
[2.423163696891105, 48.830016069219383] 0.000000000000000 [2.422979545903278, 48.830806042012938] 0.000000000000000 [2.422875124129108, 48.831468176254532] 0.000000000000000 [2.422835040458148, 48.831920263599905] 0.000000000000000 [2.422860911928883, 48.832625275298668] 0.000000000000000 [2.422832116944648, 48.833226462825195] 0.000000000000000 [2.422723744946531, 48.834050200134207] 0.000000000000000 [2.422629910514045, 48.834458892613391] 0.000000000000000 [2.422508008880058, 48.834864377146076] 0.000000000000000 [2.422200259868314, 48.835671141409030] 0.000000000000000 
[2.425552897813024, 48.824250777744780] 0.000000000000000 [2.425567123369623, 48.824269812908653] 0.000000000000000 [2.425801618106222, 48.824329206618209] 0.000000000000000 [2.426184572451852, 48.824431118663071] 0.000000000000000 [2.426619945460422, 48.824590981717918] 0.000000000000000 [2.426887916985806, 48.824716462114509] 0.000000000000000 [2.427202388874954, 48.824881490486668] 0.000000000000000 [2.427526260581031, 48.825105871946327] 0.000000000000000 [2.427806693333707, 48.825332625825851] 0.000000000000000 [2.428083773166805, 48.825586988887764] 0.000000000000000 
[2.410610668278155, 48.834035077058864] 0.000000000000000 [2.410672923630911, 48.834128876313947] 0.000000000000000 
[2.429592174069837, 48.833289592647048] 0.000000000000000 [2.429497117176034, 48.833485667204265] 0.000000000000000 [2.429421988403691, 48.833696231024902] 0.000000000000000 [2.429313897506834, 48.833879294169357] 0.000000000000000 [2.429082866403174, 48.834172555709010] 0.000000000000000 [2.428858503215689, 48.834389552974528] 0.000000000000000 [2.428566882520345, 48.834626746532081] 0.000000000000000 [2.428044868900525, 48.834992452113987] 0.000000000000000 [2.427775291524624, 48.835146443867202] 0.000000000000000 [2.427517504516218, 48.835267251020980] 0.000000000000000 
[2.411156415887932, 48.834278965513860] 0.000000000000000 [2.410878496627551, 48.834149434903665] 0.000000000000000 
[2.433165597716046, 48.828441050681633] 0.000000000000000 [2.434543753067381, 48.835183690133519] 0.000000000000000 
[2.437632662707460, 48.825441895779264] 0.000000000000000 [2.437253706968166, 48.825346268473197] 0.000000000000000 
[2.419648788978452, 48.828759011089254] 0.000000000000000 [2.419724077144723, 48.828910547506858] 0.000000000000000 [2.420255244714537, 48.829703311106137] 0.000000000000000 
[2.427977892611732, 48.830413556291305] 0.000000000000000 [2.428579948058188, 48.831283247883000] 0.000000000000000 
[2.430299478394303, 48.834469142980190] 0.000000000000000 [2.430151351487073, 48.834280416685409] 0.000000000000000 [2.430015412080687, 48.834088542022194] 0.000000000000000 [2.429891305126024, 48.833893212454754] 0.000000000000000 [2.429779302443046, 48.833694726104198] 0.000000000000000 [2.429679528344127, 48.833493414561815] 0.000000000000000 [2.429592174069837, 48.833289592647048] 0.000000000000000 
[2.410610668278155, 48.834035077058864] 0.000000000000000 [2.411040811320394, 48.833980463099692] 0.000000000000000 [2.411083875827161, 48.834002665498026] 0.000000000000000 
[2.409967866460966, 48.834273125365854] 0.000000000000000 [2.410167979068969, 48.834183437576570] 0.000000000000000 
[2.409890337327275, 48.825311596753473] 0.000000000000000 [2.409895353485463, 48.825407311901358] 0.000000000000000 [2.409660001738792, 48.825777693981244] 0.000000000000000 [2.409539668709844, 48.826102859183031] 0.000000000000000 [2.409473628501734, 48.826394985900549] 0.000000000000000 [2.409469783644317, 48.826653979260762] 0.000000000000000 [2.409516253046013, 48.826951519769942] 0.000000000000000 
[2.420390114539074, 48.832562547307973] 0.000000000000000 [2.420345321019753, 48.832737489549046] 0.000000000000000 [2.420334168485945, 48.833154581306765] 0.000000000000000 [2.420387700571744, 48.833641589040738] 0.000000000000000 [2.420380441788204, 48.833862276569675] 0.000000000000000 [2.420335664711269, 48.834048010149971] 0.000000000000000 [2.420274747963999, 48.834276839387542] 0.000000000000000 [2.419879385332296, 48.834868564072025] 0.000000000000000 
[2.437632662707460, 48.825441895779264] 0.000000000000000 [2.437564079066732, 48.825202020036407] 0.000000000000000 
[2.434305563457039, 48.825975265626084] 0.000000000000000 [2.434126291414653, 48.825943080773591] 0.000000000000000 [2.433251620591729, 48.825679293687493] 0.000000000000000 
[2.409967866460966, 48.834273125365854] 0.000000000000000 [2.407833382336606, 48.833573860620703] 0.000000000000000 [2.407487458820688, 48.833433158730507] 0.000000000000000 [2.406903121273574, 48.833170203981602] 0.000000000000000 [2.405347259789327, 48.832281085082570] 0.000000000000000 
[2.426563710094583, 48.836123577068342] 0.000000000000000 [2.426195746708947, 48.836493557936663] 0.000000000000000 [2.425800753064904, 48.836987740822821] 0.000000000000000 [2.425349581260046, 48.837534140805367] 0.000000000000000 
[2.423163696891105, 48.830016069219383] 0.000000000000000 [2.422524738835987, 48.830728597864223] 0.000000000000000 [2.421912877849314, 48.831366553317380] 0.000000000000000 [2.421359453883054, 48.831854102183669] 0.000000000000000 [2.420390114539074, 48.832562547307973] 0.000000000000000 
[2.419362888120260, 48.828319760754034] 0.000000000000000 [2.419338101440778, 48.828420327353179] 0.000000000000000 
[2.423427513846817, 48.829377203703082] 0.000000000000000 [2.423373996327391, 48.829540911937229] 0.000000000000000 [2.423163696891105, 48.830016069219383] 0.000000000000000 
[2.411541936827010, 48.829632870503353] 0.000000000000000 [2.411538982208876, 48.829633591648346] 0.000000000000000 [2.411535972351872, 48.829634258559388] 0.000000000000000 [2.411532949675309, 48.829634854357323] 0.000000000000000 [2.411529899002700, 48.829635396055309] 0.000000000000000 [2.411526808176485, 48.829635874599923] 0.000000000000000 [2.411523716698666, 48.829636290185476] 0.000000000000000 [2.411520598688512, 48.829636642684740] 0.000000000000000 [2.411517466496791, 48.829636924064069] 0.000000000000000 [2.411514319940782, 48.829637150511182] 0.000000000000000 [2.411511160565191, 48.829637305845132] 0.000000000000000 [2.411508000538156, 48.829637398220072] 0.000000000000000 [2.411504839869738, 48.829637426736610] 0.000000000000000 [2.411501680003331, 48.829637384207018] 0.000000000000000 [2.411498519394145, 48.829637286812236] 0.000000000000000 [2.411495373208347, 48.829637118438335] 0.000000000000000 [2.411492226381213, 48.829636886206067] 0.000000000000000 [2.411489093876069, 48.829636591987864] 0.000000000000000 [2.411485972988900, 48.829636233971577] 0.000000000000000 [2.411482881417517, 48.829635813143781] 0.000000000000000 [2.411479801545248, 48.829635321323437] 0.000000000000000 [2.411476749535246, 48.829634774778661] 0.000000000000000 [2.411473725489048, 48.829634164516335] 0.000000000000000 [2.411470741645544, 48.829633492395402] 0.000000000000000 [2.411467770782242, 48.829632756483186] 0.000000000000000 [2.411464855105170, 48.829631958786052] 0.000000000000000 [2.411461965826819, 48.829631115351027] 0.000000000000000 [2.411459118235196, 48.829630199272316] 0.000000000000000 [2.411456324467659, 48.829629221402001] 0.000000000000000 [2.411453557098864, 48.829628197793824] 0.000000000000000 [2.411450858547940, 48.829627111568477] 0.000000000000000 [2.411448214990480, 48.829625980645332] 0.000000000000000 [2.411445611656088, 48.829624786064947] 0.000000000000000 [2.411443075676087, 48.829623537853919] 0.000000000000000 [2.411440596061781, 48.829622244052487] 0.000000000000000 [2.411438182439604, 48.829620896613633] 0.000000000000000 [2.411435823912442, 48.829619495483875] 0.000000000000000 [2.411433533908833, 48.829618057817214] 0.000000000000000 [2.411431324880872, 48.829616566586928] 0.000000000000000 [2.411429170846395, 48.829615030658864] 0.000000000000000 [2.411427097594753, 48.829613458254229] 0.000000000000000 [2.411425106589542, 48.829611840386555] 0.000000000000000 [2.411423184189104, 48.829610178787490] 0.000000000000000 [2.411421342581545, 48.829608479812528] 0.000000000000000 [2.411419583007287, 48.829606754260233] 0.000000000000000 [2.411417904408662, 48.829604975144377] 0.000000000000000 [2.411416307751945, 48.829603177545003] 0.000000000000000 [2.411414793331481, 48.829601335381952] 0.000000000000000 [2.411413374474256, 48.829599474802478] 0.000000000000000 [2.411412036399827, 48.829597577746476] 0.000000000000000 [2.411410793878365, 48.829595663173343] 0.000000000000000 [2.411409647123291, 48.829593712197429] 0.000000000000000 [2.411408582299928, 48.829591743637380] 0.000000000000000 [2.411407611575958, 48.829589765647370] 0.000000000000000 [2.411406736608197, 48.829587752153898] 0.000000000000000 [2.411406367303202, 48.829586799704757] 0.000000000000000 
[2.419648788978452, 48.828759011089254] 0.000000000000000 [2.419579016866230, 48.828582138301954] 0.000000000000000 [2.419521455457686, 48.828433072010611] 0.000000000000000 
[2.431350048661254, 48.835426607648621] 0.000000000000000 [2.431373630995624, 48.835564006355654] 0.000000000000000 [2.431326579767673, 48.835607624727153] 0.000000000000000 
[2.434305563457039, 48.825975265626084] 0.000000000000000 [2.435689692084130, 48.825653120823212] 0.000000000000000 [2.436318515322264, 48.825517510805732] 0.000000000000000 [2.437253706968166, 48.825346268473197] 0.000000000000000 
[2.422753643534483, 48.836064995163653] 0.000000000000000 [2.423522199305170, 48.836439320398441] 0.000000000000000 [2.424457057635194, 48.836944627778898] 0.000000000000000 
[2.410167979068969, 48.834183437576570] 0.000000000000000 [2.410427373674564, 48.834083450764133] 0.000000000000000 
[2.422177948631635, 48.835815024154279] 0.000000000000000 [2.422753643534483, 48.836064995163653] 0.000000000000000 
[2.411193669623155, 48.834049158151601] 0.000000000000000 [2.411402651464909, 48.833980640716362] 0.000000000000000 
[2.412274093965080, 48.834549046525879] 0.000000000000000 [2.411663976611807, 48.834379936346217] 0.000000000000000 [2.411543231663537, 48.834435860179880] 0.000000000000000 
[2.419521455457686, 48.828433072010611] 0.000000000000000 [2.419483358621930, 48.828334403605041] 0.000000000000000 [2.419441866656302, 48.828011828188473] 0.000000000000000 
[2.428579948058188, 48.831283247883000] 0.000000000000000 [2.429261894675194, 48.832207637624819] 0.000000000000000 [2.429361213038439, 48.832282952099035] 0.000000000000000 
[2.419964049610740, 48.824150428462886] 0.000000000000000 [2.419998776066121, 48.824565220477481] 0.000000000000000 [2.420000439095676, 48.824990217218044] 0.000000000000000 [2.419973927003121, 48.825426474864756] 0.000000000000000 [2.419909957200328, 48.825861051397688] 0.000000000000000 [2.419714487126006, 48.826582412024891] 0.000000000000000 
[2.439127038598615, 48.831094571403064] 0.000000000000000 [2.437814210204010, 48.834790723574216] 0.000000000000000 
[2.410878496627551, 48.834149434903665] 0.000000000000000 [2.410910170482218, 48.834105475300696] 0.000000000000000 [2.410853842115813, 48.834031214370597] 0.000000000000000 
[2.431309227362771, 48.835192532839130] 0.000000000000000 [2.431227046865441, 48.835193670998123] 0.000000000000000 
[2.411406367303202, 48.829586799704757] 0.000000000000000 [2.411248953071976, 48.829659941222353] 0.000000000000000 [2.411101165928871, 48.829733139827276] 0.000000000000000 [2.410642671722836, 48.829960208350393] 0.000000000000000 [2.410050497768434, 48.830272486444102] 0.000000000000000 [2.409472935631204, 48.830596486799415] 0.000000000000000 
[2.410414843731175, 48.834297657089820] 0.000000000000000 [2.410956824992581, 48.834636782129799] 0.000000000000000 [2.411319154765248, 48.834896435955606] 0.000000000000000 [2.411785444294113, 48.835349642787037] 0.000000000000000 [2.412167440788395, 48.835727086547429] 0.000000000000000 
[2.410214012508236, 48.834361635220660] 0.000000000000000 [2.410414843731175, 48.834297657089820] 0.000000000000000 
[2.423427513846817, 48.829377203703082] 0.000000000000000 [2.423479458178130, 48.829483457978284] 0.000000000000000 [2.424405103738247, 48.829626184207470] 0.000000000000000 [2.424765354163405, 48.829691733812567] 0.000000000000000 [2.425472965456938, 48.829850536657801] 0.000000000000000 [2.426165511865576, 48.830036955373672] 0.000000000000000 [2.426828986406406, 48.830263140062264] 0.000000000000000 [2.427446792155328, 48.830539806810407] 0.000000000000000 [2.427732170860963, 48.830698490553836] 0.000000000000000 [2.427992311139493, 48.830857337081028] 0.000000000000000 [2.428344661836337, 48.831116369665523] 0.000000000000000 [2.428579948058188, 48.831283247883000] 0.000000000000000 
[2.419439076928916, 48.828423806171379] 0.000000000000000 [2.419521455457686, 48.828433072010611] 0.000000000000000 
[2.423577054776239, 48.824436382303247] 0.000000000000000 [2.423735736242261, 48.825038712625748] 0.000000000000000 [2.423787277461122, 48.825214013497707] 0.000000000000000 [2.423831826272247, 48.825502188430939] 0.000000000000000 [2.423900672307198, 48.825930460005409] 0.000000000000000 [2.423944866830276, 48.826435729038614] 0.000000000000000 
[2.431227046865441, 48.835193670998123] 0.000000000000000 [2.431125699008622, 48.835187720908891] 0.000000000000000 
[2.419395029262678, 48.827445678591346] 0.000000000000000 [2.419714487126006, 48.826582412024891] 0.000000000000000 
[2.423944866830276, 48.826435729038614] 0.000000000000000 [2.423733317472585, 48.826651806735548] 0.000000000000000 [2.423650090228853, 48.826724801364001] 0.000000000000000 [2.423524227192821, 48.826795130642942] 0.000000000000000 [2.423394921982269, 48.826844248664145] 0.000000000000000 [2.423152332855833, 48.826913758378481] 0.000000000000000 [2.422959265457999, 48.826951503418456] 0.000000000000000 [2.422933682925722, 48.826964553031999] 0.000000000000000 [2.422916200630521, 48.826983918422428] 0.000000000000000 [2.422911463290127, 48.827001250681683] 0.000000000000000 [2.422916268733034, 48.827023297612477] 0.000000000000000 [2.422927806228128, 48.827032272325575] 0.000000000000000 [2.422967878843170, 48.827049418784547] 0.000000000000000 [2.423144205141123, 48.827096676858872] 0.000000000000000 [2.423312794950994, 48.827159677685266] 0.000000000000000 [2.423525042459829, 48.827263922410964] 0.000000000000000 [2.423670735069006, 48.827395834373149] 0.000000000000000 [2.423793567832599, 48.827539525648902] 0.000000000000000 [2.423865259278494, 48.827645945227864] 0.000000000000000 
[2.423448547849044, 48.824235491802753] 0.000000000000000 [2.423577054776239, 48.824436382303247] 0.000000000000000 
[2.419441866656302, 48.828011828188473] 0.000000000000000 [2.419362888120260, 48.828319760754034] 0.000000000000000 
[2.427694363304975, 48.825798450074501] 0.000000000000000 [2.428563299711060, 48.826166635765432] 0.000000000000000 
[2.411156415887932, 48.834278965513860] 0.000000000000000 [2.411287114840197, 48.834238781359922] 0.000000000000000 [2.411275877267424, 48.834166495429734] 0.000000000000000 [2.411275771143241, 48.834095435256380] 0.000000000000000 [2.411193669623155, 48.834049158151601] 0.000000000000000 
[2.420255244714537, 48.829703311106137] 0.000000000000000 [2.420385905618062, 48.830050695228643] 0.000000000000000 [2.420474907731785, 48.830328775331310] 0.000000000000000 [2.420535858785975, 48.830610473343420] 0.000000000000000 [2.420591297472993, 48.831178604221499] 0.000000000000000 [2.420558199224290, 48.831747591068520] 0.000000000000000 [2.420390114539074, 48.832562547307973] 0.000000000000000 
[2.411562122720736, 48.829514431366356] 0.000000000000000 [2.411564030888428, 48.829515302349094] 0.000000000000000 [2.411566579226828, 48.829516541624812] 0.000000000000000 [2.411569073924329, 48.829517826504322] 0.000000000000000 [2.411571499916036, 48.829519164108412] 0.000000000000000 [2.411573872266644, 48.829520547316328] 0.000000000000000 [2.411577049489330, 48.829522551450403] 0.000000000000000 [2.411579244896051, 48.829524042611098] 0.000000000000000 [2.411581385208258, 48.829525587462754] 0.000000000000000 [2.411583444636621, 48.829527177784158] 0.000000000000000 [2.411585421920683, 48.829528804575460] 0.000000000000000 [2.411587330691713, 48.829530467004354] 0.000000000000000 [2.411589158487637, 48.829532182996900] 0.000000000000000 [2.411590904342161, 48.829533917472986] 0.000000000000000 [2.411592569414329, 48.829535688425651] 0.000000000000000 [2.411594138629192, 48.829537503875095] 0.000000000000000 [2.411595639534315, 48.829539336975763] 0.000000000000000 [2.411597044673475, 48.829541206479334] 0.000000000000000 [2.411598355408927, 48.829543112392528] 0.000000000000000 [2.411599584212989, 48.829545035889971] 0.000000000000000 [2.411600717352671, 48.829546986797133] 0.000000000000000 [2.411601756200274, 48.829548964221395] 0.000000000000000 [2.411602711947255, 48.829550942136187] 0.000000000000000 [2.411603573290486, 48.829552956460610] 0.000000000000000 [2.411604325459419, 48.829554988235223] 0.000000000000000 [2.411604995798611, 48.829557028600931] 0.000000000000000 [2.411605570676268, 48.829559078390048] 0.000000000000000 [2.411606037731707, 48.829561146535390] 0.000000000000000 [2.411606408065129, 48.829563215104244] 0.000000000000000 [2.411606684207792, 48.829565301197036] 0.000000000000000 [2.411606863729817, 48.829567378720185] 0.000000000000000 [2.411606949061161, 48.829569473767286] 0.000000000000000 [2.411606937771845, 48.829571560244737] 0.000000000000000 [2.411606818873292, 48.829573646192735] 0.000000000000000 [2.411606604716320, 48.829575723577783] 0.000000000000000 [2.411606293735646, 48.829577810379504] 0.000000000000000 [2.411605888970244, 48.829579878732467] 0.000000000000000 [2.411605387584123, 48.829581938515766] 0.000000000000000 [2.411604777317996, 48.829583989669104] 0.000000000000000 [2.411604085526282, 48.829586022434000] 0.000000000000000 [2.411603284864791, 48.829588045669567] 0.000000000000000 [2.411602402657395, 48.829590052315297] 0.000000000000000 [2.411601411691854, 48.829592039539264] 0.000000000000000 [2.411600339281890, 48.829594001180219] 0.000000000000000 [2.411599170362788, 48.829595944359014] 0.000000000000000 [2.411597920019652, 48.829597860156134] 0.000000000000000 [2.411596574610726, 48.829599750303245] 0.000000000000000 [2.411595132905797, 48.829601603102525] 0.000000000000000 [2.411593611017067, 48.829603439318667] 0.000000000000000 [2.411592006453865, 48.829605238253947] 0.000000000000000 [2.411590319185533, 48.829607002606316] 0.000000000000000 [2.411588538345400, 48.829608729624269] 0.000000000000000 [2.411586688421774, 48.829610422126315] 0.000000000000000 [2.411584755823455, 48.829612077347484] 0.000000000000000 [2.411582743345927, 48.829613689005967] 0.000000000000000 [2.411580661916654, 48.829615254457437] 0.000000000000000 [2.411578511403778, 48.829616785393021] 0.000000000000000 [2.411576279679873, 48.829618270061260] 0.000000000000000 [2.411573980447694, 48.829619701334600] 0.000000000000000 [2.411571625763409, 48.829621097259732] 0.000000000000000 [2.411569190061063, 48.829622429830422] 0.000000000000000 [2.411566712639624, 48.829623717227484] 0.000000000000000 [2.411564153987059, 48.829624960155776] 0.000000000000000 [2.411561553818427, 48.829626139924031] 0.000000000000000 [2.411558899671629, 48.829627274458282] 0.000000000000000 [2.411556176755819, 48.829628346597723] 0.000000000000000 [2.411553427206167, 48.829629364644006] 0.000000000000000 [2.411550608796156, 48.829630328389335] 0.000000000000000 [2.411547763742163, 48.829631238940870] 0.000000000000000 [2.411544877283905, 48.829632076439800] 0.000000000000000 [2.411541936827010, 48.829632870503353] 0.000000000000000 
[2.425464508998614, 48.827009102986111] 0.000000000000000 [2.426829043168220, 48.828860899522013] 0.000000000000000 
[2.411083875827161, 48.834002665498026] 0.000000000000000 [2.411111987064778, 48.834035992241617] 0.000000000000000 [2.411193669623155, 48.834049158151601] 0.000000000000000 
[2.419309121555515, 48.828537919297453] 0.000000000000000 [2.419172945578416, 48.828291373521097] 0.000000000000000 [2.419025789714002, 48.828101238327093] 0.000000000000000 [2.418867652939313, 48.827965984774117] 0.000000000000000 [2.418488432274490, 48.827823317446104] 0.000000000000000 
[2.412751644401061, 48.836194726000571] 0.000000000000000 [2.412913386333578, 48.836659300291842] 0.000000000000000 
[2.431326579767673, 48.835607624727153] 0.000000000000000 [2.431117417180703, 48.835591305004193] 0.000000000000000 [2.430543229738726, 48.835663351938273] 0.000000000000000 
[2.428083773166805, 48.825586988887764] 0.000000000000000 [2.427694363304975, 48.825798450074501] 0.000000000000000 
[2.422595311836133, 48.824292108689171] 0.000000000000000 [2.422674775574442, 48.824225178925118] 0.000000000000000 [2.422685326582240, 48.824199190373143] 0.000000000000000 
[2.427694363304975, 48.825798450074501] 0.000000000000000 [2.425464508998614, 48.827009102986111] 0.000000000000000 
[2.431326579767673, 48.835607624727153] 0.000000000000000 [2.431227640948205, 48.835385441063089] 0.000000000000000 [2.431125699008622, 48.835187720908891] 0.000000000000000 
[2.429365356648322, 48.827625241485421] 0.000000000000000 [2.429648633241781, 48.828489124773576] 0.000000000000000 [2.429853400222226, 48.829611702962438] 0.000000000000000 
[2.423865259278494, 48.827645945227864] 0.000000000000000 [2.423807175972960, 48.828001202671615] 0.000000000000000 [2.423729474346524, 48.828354677335454] 0.000000000000000 [2.423719680743700, 48.828596409812704] 0.000000000000000 
[2.410100463512174, 48.834319065071803] 0.000000000000000 [2.409967866460966, 48.834273125365854] 0.000000000000000 
[2.412751644401061, 48.836194726000571] 0.000000000000000 [2.412894051143483, 48.836219136755005] 0.000000000000000 
[2.410414843731175, 48.834297657089820] 0.000000000000000 [2.410718496230403, 48.834198674751256] 0.000000000000000 
[2.431060714873301, 48.834982973440603] 0.000000000000000 [2.430975657067283, 48.834990382478765] 0.000000000000000 
[2.417803695739201, 48.824600004588689] 0.000000000000000 [2.417754345536356, 48.824680057472321] 0.000000000000000 [2.417135488609419, 48.825194251166579] 0.000000000000000 [2.416416328743056, 48.825762918867675] 0.000000000000000 [2.416050657559187, 48.826032056544690] 0.000000000000000 [2.415587243107776, 48.826334714325014] 0.000000000000000 [2.415193384669295, 48.826526532119217] 0.000000000000000 [2.414750170823679, 48.826687716472030] 0.000000000000000 [2.414300716972925, 48.826849020605593] 0.000000000000000 [2.413601998764577, 48.827064258502404] 0.000000000000000 
[2.410610668278155, 48.834035077058864] 0.000000000000000 [2.410853842115813, 48.834031214370597] 0.000000000000000 
[2.422200259868314, 48.835671141409030] 0.000000000000000 [2.424936935084028, 48.833746047438481] 0.000000000000000 [2.425517350116244, 48.833399834201686] 0.000000000000000 [2.426457337425522, 48.832777807313953] 0.000000000000000 [2.426955943944773, 48.832453261366730] 0.000000000000000 [2.427805875218233, 48.831825889570972] 0.000000000000000 [2.428492408453057, 48.831359370058159] 0.000000000000000 [2.428579948058188, 48.831283247883000] 0.000000000000000 
[2.410718496230403, 48.834198674751256] 0.000000000000000 [2.410878496627551, 48.834149434903665] 0.000000000000000 
[2.412167440788395, 48.835727086547429] 0.000000000000000 [2.412363203250004, 48.836181980979696] 0.000000000000000 [2.412957620299955, 48.837963399749640] 0.000000000000000 
[2.419259460588626, 48.828685607071549] 0.000000000000000 [2.419513766131684, 48.828708066756327] 0.000000000000000 [2.419648788978452, 48.828759011089254] 0.000000000000000 
[2.411543231663537, 48.834435860179880] 0.000000000000000 [2.411733856693771, 48.834570059287465] 0.000000000000000 [2.412031161521674, 48.834805113715746] 0.000000000000000 [2.412231946219092, 48.835035303287960] 0.000000000000000 [2.412373339720751, 48.835265550556187] 0.000000000000000 [2.412751644401061, 48.836194726000571] 0.000000000000000 
[2.418488432274490, 48.827823317446104] 0.000000000000000 [2.418138669907902, 48.827768945626829] 0.000000000000000 [2.417653781622494, 48.827749174619157] 0.000000000000000 [2.417174521809733, 48.827780610344242] 0.000000000000000 [2.416789977406473, 48.827838812611041] 0.000000000000000 
