[2.389158584764785, 48.889227563908584] 0.000000000000000 [2.389250722999396, 48.889207459233219] 0.000000000000000 [2.390233539753739, 48.888366105903337] 0.000000000000000 [2.390281049152349, 48.888263251372535] 0.000000000000000 
[2.389246070776030, 48.900731460811755] 0.000000000000000 [2.389203509947407, 48.900857379432402] 0.000000000000000 [2.389212246538229, 48.900993435877496] 0.000000000000000 
[2.383028375965257, 48.897989834213377] 0.000000000000000 [2.382603949343571, 48.898684165917047] 0.000000000000000 [2.382533387305505, 48.898934022759043] 0.000000000000000 
[2.386515181989247, 48.889759523164457] 0.000000000000000 [2.387302296564414, 48.889984660303426] 0.000000000000000 
[2.380932512114219, 48.889398112820849] 0.000000000000000 [2.380824459067640, 48.889468900028717] 0.000000000000000 [2.380060317492794, 48.889855757283456] 0.000000000000000 
[2.386968648693677, 48.900425926737491] 0.000000000000000 [2.386726736119628, 48.900204729950957] 0.000000000000000 
[2.380960959482779, 48.900212291563577] 0.000000000000000 [2.380879267627540, 48.900335057177003] 0.000000000000000 
[2.385726787826230, 48.898255850340860] 0.000000000000000 [2.386062769070645, 48.898168700230350] 0.000000000000000 
[2.398267917767232, 48.890129972349527] 0.000000000000000 [2.398817438662605, 48.890273854671143] 0.000000000000000 
[2.387381031102842, 48.901001110767503] 0.000000000000000 [2.387139613012157, 48.900882602713168] 0.000000000000000 [2.387057684576230, 48.900796300068642] 0.000000000000000 [2.386997971645318, 48.900693448613175] 0.000000000000000 
[2.380960959482779, 48.900212291563577] 0.000000000000000 [2.381442594516038, 48.900227903691686] 0.000000000000000 
[2.398140719657173, 48.892502230541460] 0.000000000000000 [2.398259657334610, 48.892734430442090] 0.000000000000000 
[2.395375734979182, 48.892359256789561] 0.000000000000000 [2.395419333651848, 48.892195044680463] 0.000000000000000 [2.395424752950245, 48.892176544286357] 0.000000000000000 
[2.381515369653423, 48.900126122077374] 0.000000000000000 [2.383995508482190, 48.900016502146080] 0.000000000000000 [2.384419282749258, 48.899990605379706] 0.000000000000000 [2.384825034378466, 48.899947988948348] 0.000000000000000 
[2.383193716503798, 48.893690493288126] 0.000000000000000 [2.383287234996797, 48.893690023461133] 0.000000000000000 [2.383402751269596, 48.893733591322352] 0.000000000000000 [2.383433028065776, 48.893776123078588] 0.000000000000000 
[2.387213086475693, 48.900159991953338] 0.000000000000000 [2.387388214244091, 48.900095021322691] 0.000000000000000 [2.387590652421591, 48.900046784199517] 0.000000000000000 [2.387819687025102, 48.900035755042154] 0.000000000000000 [2.388002273022277, 48.900061922888099] 0.000000000000000 [2.388151684359140, 48.900099067058477] 0.000000000000000 [2.388334170380101, 48.900159316922867] 0.000000000000000 
[2.390877716349991, 48.900244546158255] 0.000000000000000 [2.390554285427775, 48.900324654548051] 0.000000000000000 [2.389953301451504, 48.900457032173001] 0.000000000000000 [2.389505823108000, 48.900511287315702] 0.000000000000000 [2.389038690891674, 48.900555486947098] 0.000000000000000 [2.388558709564187, 48.900575301766615] 0.000000000000000 [2.388522974234722, 48.900576397247079] 0.000000000000000 
[2.390877716349991, 48.900244546158255] 0.000000000000000 [2.390738751607453, 48.900144566954594] 0.000000000000000 
[2.385726787826230, 48.898255850340860] 0.000000000000000 [2.385766258273210, 48.898323144311959] 0.000000000000000 
[2.381114246622425, 48.899934058397371] 0.000000000000000 [2.381052615369835, 48.900020925615678] 0.000000000000000 [2.380999297315435, 48.900145927963791] 0.000000000000000 
[2.386997971645318, 48.900693448613175] 0.000000000000000 [2.386778175315227, 48.900832807663896] 0.000000000000000 [2.386484152367036, 48.900978296215285] 0.000000000000000 
[2.388499540330688, 48.897587952449044] 0.000000000000000 [2.388398343846919, 48.897465229647523] 0.000000000000000 
[2.382653112616344, 48.890268215822317] 0.000000000000000 [2.383146389163572, 48.890513355125513] 0.000000000000000 
[2.396247954558817, 48.889601130716834] 0.000000000000000 [2.396344041971914, 48.889234553924325] 0.000000000000000 
[2.388727964981821, 48.900947795543807] 0.000000000000000 [2.388386037879395, 48.900851738220901] 0.000000000000000 
[2.397898675846908, 48.890033309974932] 0.000000000000000 [2.397910764897075, 48.890161837689469] 0.000000000000000 
[2.384132581865861, 48.896380458224712] 0.000000000000000 [2.383963435262983, 48.896457650660501] 0.000000000000000 [2.383218700282389, 48.897664947865259] 0.000000000000000 [2.383028375965257, 48.897989834213377] 0.000000000000000 
[2.386214332224462, 48.898251133916453] 0.000000000000000 [2.386288779226912, 48.898321919136556] 0.000000000000000 
[2.398839713064243, 48.889323370954628] 0.000000000000000 [2.398714452499716, 48.889266326752960] 0.000000000000000 [2.398615429916717, 48.888482032805413] 0.000000000000000 
[2.388167471676624, 48.897466925498570] 0.000000000000000 [2.387990543501845, 48.897588768017584] 0.000000000000000 
[2.395296331036529, 48.892671265426578] 0.000000000000000 [2.395330262117896, 48.892530511847546] 0.000000000000000 [2.395375734979182, 48.892359256789561] 0.000000000000000 
[2.386288779226912, 48.898321919136556] 0.000000000000000 [2.386421549938386, 48.898323551806882] 0.000000000000000 [2.386594335671843, 48.898527180041356] 0.000000000000000 
[2.397190692953300, 48.889731046891931] 0.000000000000000 [2.397156844004150, 48.889629122903507] 0.000000000000000 
[2.383684876456758, 48.889362655018637] 0.000000000000000 [2.383766221522754, 48.889491766593487] 0.000000000000000 [2.383755964884352, 48.889519387729244] 0.000000000000000 
[2.380846638611625, 48.900394844788465] 0.000000000000000 [2.380266969269597, 48.900315383531115] 0.000000000000000 
[2.383146389163572, 48.890513355125513] 0.000000000000000 [2.382145926745366, 48.890708912009465] 0.000000000000000 
[2.397646173123950, 48.889916414493499] 0.000000000000000 [2.397571819249437, 48.889947739668131] 0.000000000000000 
[2.384277420602243, 48.896298662879325] 0.000000000000000 [2.385557021095921, 48.897465802244263] 0.000000000000000 [2.385539998253844, 48.897547868208498] 0.000000000000000 
[2.383600133475260, 48.889302070380431] 0.000000000000000 [2.382595589028976, 48.889657442013807] 0.000000000000000 
[2.386978243273177, 48.900607585642689] 0.000000000000000 [2.386671337645413, 48.900607720376101] 0.000000000000000 [2.385695188821222, 48.900557246543173] 0.000000000000000 [2.384135737487069, 48.900456909855656] 0.000000000000000 [2.384056378302215, 48.900455990043071] 0.000000000000000 
[2.385836279017906, 48.898442564493266] 0.000000000000000 [2.386219514929768, 48.898374395279355] 0.000000000000000 
[2.387138746151834, 48.892449008150081] 0.000000000000000 [2.386449593699363, 48.892646549733968] 0.000000000000000 [2.385575285205562, 48.894004726414337] 0.000000000000000 [2.385056495828432, 48.894855132523119] 0.000000000000000 [2.384684135825016, 48.895257157913569] 0.000000000000000 [2.384279908565287, 48.895903997342103] 0.000000000000000 
[2.384370440824072, 48.900351317754094] 0.000000000000000 [2.385712116762475, 48.900431960241058] 0.000000000000000 [2.386678031754403, 48.900481818578029] 0.000000000000000 [2.386966113671508, 48.900481691803357] 0.000000000000000 
[2.394935217671059, 48.889496082905097] 0.000000000000000 [2.394829783724151, 48.889398187848300] 0.000000000000000 [2.394889661998311, 48.889290342654327] 0.000000000000000 
[2.392843038972714, 48.899410053289159] 0.000000000000000 [2.392723786865905, 48.899497081284117] 0.000000000000000 [2.392331059887399, 48.899713000797284] 0.000000000000000 
[2.383408808440167, 48.895693838229164] 0.000000000000000 [2.383582595442153, 48.895838243990887] 0.000000000000000 
[2.395844137198038, 48.897491367782763] 0.000000000000000 [2.395962781475001, 48.897545577044063] 0.000000000000000 
[2.384132581865861, 48.896380458224712] 0.000000000000000 [2.384225564797801, 48.896356022617255] 0.000000000000000 [2.384277420602243, 48.896298662879325] 0.000000000000000 
[2.385430479514842, 48.892346165562010] 0.000000000000000 [2.384113439236991, 48.893046888659114] 0.000000000000000 
[2.385198249202005, 48.893158840719828] 0.000000000000000 [2.385078686809501, 48.893178378747898] 0.000000000000000 [2.384609027593988, 48.893449107059787] 0.000000000000000 
[2.383351068679841, 48.896213507588492] 0.000000000000000 [2.382995969714974, 48.896783128155967] 0.000000000000000 [2.382867371103204, 48.897069177206085] 0.000000000000000 [2.382563356216044, 48.897522660994461] 0.000000000000000 [2.382382021864788, 48.897628694992278] 0.000000000000000 [2.382176552327936, 48.897953893119855] 0.000000000000000 
[2.381307623159694, 48.900454880161078] 0.000000000000000 [2.381091792142893, 48.900423229767512] 0.000000000000000 [2.380846638611625, 48.900394844788465] 0.000000000000000 
[2.381114246622425, 48.899934058397371] 0.000000000000000 [2.379749091616400, 48.899919683041340] 0.000000000000000 
[2.383755964884352, 48.889519387729244] 0.000000000000000 [2.383556551474415, 48.890135932379295] 0.000000000000000 
[2.394800639261435, 48.892716456600589] 0.000000000000000 [2.394925250400080, 48.892446906904809] 0.000000000000000 [2.395131380861293, 48.892265156471169] 0.000000000000000 [2.395326352486014, 48.892104166734136] 0.000000000000000 
[2.385726787826230, 48.898255850340860] 0.000000000000000 [2.384583496013061, 48.898493998024108] 0.000000000000000 
[2.396857420440796, 48.890124153042478] 0.000000000000000 [2.396980910390790, 48.890047343556645] 0.000000000000000 
[2.384878788333742, 48.893670691064990] 0.000000000000000 [2.384356967325334, 48.894513001203499] 0.000000000000000 
[2.396110720535078, 48.889093615811774] 0.000000000000000 [2.396238297787664, 48.889118656828678] 0.000000000000000 [2.396242415055295, 48.889209688840353] 0.000000000000000 
[2.388602153509365, 48.888944232902858] 0.000000000000000 [2.388291499529965, 48.889392690077031] 0.000000000000000 
[2.396097396882981, 48.890127168927826] 0.000000000000000 [2.396247954558817, 48.889601130716834] 0.000000000000000 
[2.395645610230078, 48.892098894140304] 0.000000000000000 [2.395517810028038, 48.892551187959697] 0.000000000000000 [2.395485515378213, 48.892690592777079] 0.000000000000000 
[2.386486092538218, 48.898570437461139] 0.000000000000000 [2.386594335671843, 48.898527180041356] 0.000000000000000 
[2.396090826435565, 48.889176809661969] 0.000000000000000 [2.396110720535078, 48.889093615811774] 0.000000000000000 
[2.380765654604241, 48.898890567204070] 0.000000000000000 [2.379803669601968, 48.898861916787695] 0.000000000000000 
[2.384132581865861, 48.896380458224712] 0.000000000000000 [2.385398293348025, 48.897529304965133] 0.000000000000000 [2.385539998253844, 48.897547868208498] 0.000000000000000 
[2.380275315718009, 48.900189481534589] 0.000000000000000 [2.380960959482779, 48.900212291563577] 0.000000000000000 
[2.386966113671508, 48.900481691803357] 0.000000000000000 [2.386968648693677, 48.900425926737491] 0.000000000000000 
[2.379054669115607, 48.894236658808772] 0.000000000000000 [2.379227767661714, 48.894266261571211] 0.000000000000000 [2.380020667311482, 48.894214990967555] 0.000000000000000 
[2.384932543617980, 48.900114408559872] 0.000000000000000 [2.384370440824072, 48.900351317754094] 0.000000000000000 
[2.395296331036529, 48.892671265426578] 0.000000000000000 [2.395318720144786, 48.892422199956464] 0.000000000000000 
[2.384094082761488, 48.896111222678869] 0.000000000000000 [2.385404563647023, 48.896264597696828] 0.000000000000000 
[2.388936665269781, 48.900820281430725] 0.000000000000000 [2.388727964981821, 48.900947795543807] 0.000000000000000 
[2.379749091616400, 48.899919683041340] 0.000000000000000 [2.378064745054298, 48.899887530108280] 0.000000000000000 
[2.383684876456758, 48.889362655018637] 0.000000000000000 [2.383782970843133, 48.889393414854133] 0.000000000000000 [2.383996205942486, 48.889498047313730] 0.000000000000000 
[2.396298400677487, 48.889614342468697] 0.000000000000000 [2.396163872034822, 48.890143339389802] 0.000000000000000 
[2.383873923304748, 48.895939013299149] 0.000000000000000 [2.384076008842299, 48.895935754988734] 0.000000000000000 [2.384279908565287, 48.895903997342103] 0.000000000000000 
[2.387767103159873, 48.889267253544894] 0.000000000000000 [2.387762101901193, 48.889311931436950] 0.000000000000000 [2.387360601006242, 48.889935461803361] 0.000000000000000 [2.387302296564414, 48.889984660303426] 0.000000000000000 
[2.396466768895128, 48.889262403099707] 0.000000000000000 [2.396360688186463, 48.889630649100070] 0.000000000000000 
[2.386997971645318, 48.900693448613175] 0.000000000000000 [2.386978243273177, 48.900607585642689] 0.000000000000000 
[2.395992887583646, 48.890110686073648] 0.000000000000000 [2.396097396882981, 48.890127168927826] 0.000000000000000 
[2.385576632927290, 48.892535427193302] 0.000000000000000 [2.385565851613336, 48.892597715352743] 0.000000000000000 [2.385506447945744, 48.892671473033637] 0.000000000000000 [2.385198249202005, 48.893158840719828] 0.000000000000000 
[2.382176552327936, 48.897953893119855] 0.000000000000000 [2.382125594767122, 48.897999479091261] 0.000000000000000 [2.381656095426247, 48.898805767977429] 0.000000000000000 [2.381500159426369, 48.898921485090170] 0.000000000000000 
[2.389117619903689, 48.897504980336386] 0.000000000000000 [2.388835650340946, 48.897581666060951] 0.000000000000000 
[2.386486092538218, 48.898570437461139] 0.000000000000000 [2.386871589404203, 48.898853944473224] 0.000000000000000 
[2.383996205942486, 48.889498047313730] 0.000000000000000 [2.384675358996504, 48.889816420419336] 0.000000000000000 [2.384801308955774, 48.889868884662832] 0.000000000000000 [2.385084842287545, 48.890037963677536] 0.000000000000000 
[2.390599602674512, 48.900026342293366] 0.000000000000000 [2.391858727467862, 48.899733194969635] 0.000000000000000 
[2.389344552015541, 48.901117295517189] 0.000000000000000 [2.390822843509019, 48.900912285744674] 0.000000000000000 
[2.390792537655025, 48.890049348060010] 0.000000000000000 [2.388163001328719, 48.892486183317182] 0.000000000000000 [2.388070130415808, 48.892582951194136] 0.000000000000000 
[2.379290339501562, 48.895675852254151] 0.000000000000000 [2.379373169591760, 48.895789345446190] 0.000000000000000 [2.379530630932130, 48.895884357598732] 0.000000000000000 
[2.394911272109860, 48.889251411448413] 0.000000000000000 [2.394972468014559, 48.889267341876035] 0.000000000000000 [2.395094366228833, 48.889299086828267] 0.000000000000000 [2.395569087472566, 48.889423392377246] 0.000000000000000 
[2.388835650340946, 48.897581666060951] 0.000000000000000 [2.388499540330688, 48.897587952449044] 0.000000000000000 
[2.381442594516038, 48.900227903691686] 0.000000000000000 [2.381363184650217, 48.900354445037372] 0.000000000000000 
[2.381500159426369, 48.898921485090170] 0.000000000000000 [2.381159129658466, 48.898944937482170] 0.000000000000000 [2.380765654604241, 48.898890567204070] 0.000000000000000 
[2.387213086475693, 48.900159991953338] 0.000000000000000 [2.387572986856065, 48.900111215940299] 0.000000000000000 [2.387791941508148, 48.900100749521371] 0.000000000000000 [2.388075166081236, 48.900128283290620] 0.000000000000000 [2.388334170380101, 48.900159316922867] 0.000000000000000 
[2.384825034378466, 48.899947988948348] 0.000000000000000 [2.384889850791922, 48.899974400130098] 0.000000000000000 [2.384936673025304, 48.900011970169658] 0.000000000000000 [2.384951316071039, 48.900062323245429] 0.000000000000000 [2.384932543617980, 48.900114408559872] 0.000000000000000 
[2.395317829954557, 48.892268441737023] 0.000000000000000 [2.395326352486014, 48.892104166734136] 0.000000000000000 
[2.386181390928782, 48.889672726887930] 0.000000000000000 [2.386515181989247, 48.889759523164457] 0.000000000000000 
[2.396384091623379, 48.889243651901602] 0.000000000000000 [2.396298400677487, 48.889614342468697] 0.000000000000000 
[2.381442594516038, 48.900227903691686] 0.000000000000000 [2.383012012411076, 48.900264478368420] 0.000000000000000 [2.384152668731513, 48.900331543721563] 0.000000000000000 [2.384370440824072, 48.900351317754094] 0.000000000000000 
[2.388334170380101, 48.900159316922867] 0.000000000000000 [2.388433977368889, 48.900253866795360] 0.000000000000000 [2.388497110230979, 48.900364098593592] 0.000000000000000 [2.388508384359600, 48.900450955063398] 0.000000000000000 
[2.391190889253969, 48.889664303808885] 0.000000000000000 [2.392822150959195, 48.890464054953696] 0.000000000000000 [2.392987657943382, 48.889968840797643] 0.000000000000000 [2.392911589717079, 48.889460338174239] 0.000000000000000 [2.392922064123014, 48.889182951703205] 0.000000000000000 [2.392905536687802, 48.889012978975167] 0.000000000000000 
[2.387302296564414, 48.889984660303426] 0.000000000000000 [2.387279137254726, 48.890063753071885] 0.000000000000000 [2.386974297564998, 48.890561609801729] 0.000000000000000 [2.386900026652250, 48.890628692963190] 0.000000000000000 
[2.383678706392217, 48.893976569584510] 0.000000000000000 [2.382601768574691, 48.894567482885343] 0.000000000000000 [2.382339473914487, 48.894795266490242] 0.000000000000000 
[2.385515139991617, 48.901774694294623] 0.000000000000000 [2.385479640552083, 48.901641679381797] 0.000000000000000 
[2.389121937897730, 48.897590455217205] 0.000000000000000 [2.388957560034301, 48.897582401443302] 0.000000000000000 [2.388835650340946, 48.897581666060951] 0.000000000000000 
[2.383582595442153, 48.895838243990887] 0.000000000000000 [2.383516072504752, 48.895948837619279] 0.000000000000000 [2.383478920527045, 48.896008429306356] 0.000000000000000 
[2.380879267627540, 48.900335057177003] 0.000000000000000 [2.380266969269597, 48.900315383531115] 0.000000000000000 
[2.392780138567599, 48.897313379051418] 0.000000000000000 [2.393885953958815, 48.897386343888023] 0.000000000000000 
[2.384583496013061, 48.898493998024108] 0.000000000000000 [2.384437713243270, 48.898635776590524] 0.000000000000000 
[2.385805921006872, 48.898390797178529] 0.000000000000000 [2.385719131132801, 48.898403163679092] 0.000000000000000 [2.385343879188207, 48.898463603996426] 0.000000000000000 [2.384886854551219, 48.898562133598212] 0.000000000000000 [2.384437713243270, 48.898635776590524] 0.000000000000000 
[2.385766258273210, 48.898323144311959] 0.000000000000000 [2.385805921006872, 48.898390797178529] 0.000000000000000 
[2.395326352486014, 48.892104166734136] 0.000000000000000 [2.395487820868353, 48.891856755696764] 0.000000000000000 
[2.386805777000645, 48.900132239986732] 0.000000000000000 [2.386895944274892, 48.900151948685618] 0.000000000000000 [2.387213086475693, 48.900159991953338] 0.000000000000000 
[2.394594112951084, 48.889168821786853] 0.000000000000000 [2.394911272109860, 48.889251411448413] 0.000000000000000 
[2.381515369653423, 48.900126122077374] 0.000000000000000 [2.381442594516038, 48.900227903691686] 0.000000000000000 
[2.388835650340946, 48.897581666060951] 0.000000000000000 [2.388489913434664, 48.897683387999493] 0.000000000000000 [2.387340353294704, 48.898089973335949] 0.000000000000000 [2.387085390891551, 48.898147190734832] 0.000000000000000 [2.386560968344996, 48.898195002202208] 0.000000000000000 [2.386214332224462, 48.898251133916453] 0.000000000000000 
[2.396110720535078, 48.889093615811774] 0.000000000000000 [2.396223482616822, 48.888621905174482] 0.000000000000000 
[2.380879267627540, 48.900335057177003] 0.000000000000000 [2.380846638611625, 48.900394844788465] 0.000000000000000 
[2.379255739446145, 48.895999082484316] 0.000000000000000 [2.379388003796357, 48.895958700695516] 0.000000000000000 [2.379530630932130, 48.895884357598732] 0.000000000000000 
[2.387401546621080, 48.899347240796743] 0.000000000000000 [2.387471545971526, 48.899602117884491] 0.000000000000000 [2.387510343994310, 48.899647540950987] 0.000000000000000 [2.387666925273004, 48.899842577877585] 0.000000000000000 
[2.379803669601968, 48.898861916787695] 0.000000000000000 [2.378110691497042, 48.898839929509265] 0.000000000000000 
[2.379530630932130, 48.895884357598732] 0.000000000000000 [2.379735451650660, 48.895904657697628] 0.000000000000000 [2.379880601468112, 48.895957192042445] 0.000000000000000 [2.380106387201130, 48.896026359202729] 0.000000000000000 [2.380281965523765, 48.896075752760268] 0.000000000000000 [2.381343244012489, 48.895951231183645] 0.000000000000000 
[2.389477552997829, 48.889390473113480] 0.000000000000000 [2.390792537655025, 48.890049348060010] 0.000000000000000 
[2.395992887583646, 48.890110686073648] 0.000000000000000 [2.396138345464458, 48.889572438270825] 0.000000000000000 
[2.396772670315795, 48.889085345775349] 0.000000000000000 [2.396810383925988, 48.889341538156721] 0.000000000000000 
[2.386900026652250, 48.890628692963190] 0.000000000000000 [2.386765272692266, 48.890899829656135] 0.000000000000000 [2.386289583423692, 48.891358695178653] 0.000000000000000 [2.386086005682926, 48.891394026432536] 0.000000000000000 
[2.398798247898760, 48.889536162270339] 0.000000000000000 [2.398949868212669, 48.889548336706163] 0.000000000000000 
[2.383691177278576, 48.896029492951683] 0.000000000000000 [2.383881408682525, 48.896211823371516] 0.000000000000000 
[2.380266969269597, 48.900315383531115] 0.000000000000000 [2.379554268496840, 48.900315655030376] 0.000000000000000 [2.378442584720636, 48.900307705542119] 0.000000000000000 [2.377513278044330, 48.900308042959502] 0.000000000000000 [2.376840700004479, 48.900333381844852] 0.000000000000000 
[2.388070130415808, 48.892582951194136] 0.000000000000000 [2.384424836067819, 48.895930842342182] 0.000000000000000 [2.384094082761488, 48.896111222678869] 0.000000000000000 
[2.396097396882981, 48.890127168927826] 0.000000000000000 [2.396163872034822, 48.890143339389802] 0.000000000000000 
[2.393840165221511, 48.895739191537743] 0.000000000000000 [2.393581034539405, 48.896118878184780] 0.000000000000000 [2.393320408533446, 48.896374672351065] 0.000000000000000 [2.393015565586237, 48.896608455900456] 0.000000000000000 [2.392534228806804, 48.896953790226448] 0.000000000000000 
[2.379128188916362, 48.892314781127304] 0.000000000000000 [2.378901744162482, 48.892429451788821] 0.000000000000000 
[2.397910764897075, 48.890161837689469] 0.000000000000000 [2.397919318105400, 48.890252938611027] 0.000000000000000 
[2.391040193315283, 48.900365700329779] 0.000000000000000 [2.390877716349991, 48.900244546158255] 0.000000000000000 
[2.387990543501845, 48.897588768017584] 0.000000000000000 [2.387528629974356, 48.897589514656481] 0.000000000000000 
[2.387177108784435, 48.901474275410081] 0.000000000000000 [2.385664725002718, 48.901761905430071] 0.000000000000000 [2.385515139991617, 48.901774694294623] 0.000000000000000 
[2.388099743700433, 48.901000518494747] 0.000000000000000 [2.387792884203599, 48.901048848663336] 0.000000000000000 [2.387517467577558, 48.901032155836390] 0.000000000000000 [2.387381031102842, 48.901001110767503] 0.000000000000000 
[2.389212246538229, 48.900993435877496] 0.000000000000000 [2.389344552015541, 48.901117295517189] 0.000000000000000 
[2.385207405396639, 48.901883935390757] 0.000000000000000 [2.384988286504951, 48.902057373926240] 0.000000000000000 
[2.396384091623379, 48.889243651901602] 0.000000000000000 [2.396466768895128, 48.889262403099707] 0.000000000000000 
[2.388167471676624, 48.897466925498570] 0.000000000000000 [2.388171427038185, 48.897414136154644] 0.000000000000000 [2.388114289715976, 48.897372670018441] 0.000000000000000 [2.387138563387371, 48.896894737382183] 0.000000000000000 [2.386909579213397, 48.897089468544017] 0.000000000000000 
[2.384356967325334, 48.894513001203499] 0.000000000000000 [2.384063996093023, 48.894988570762273] 0.000000000000000 [2.384010813401324, 48.895111596261771] 0.000000000000000 [2.383694020775328, 48.895630285789785] 0.000000000000000 
[2.379803669601968, 48.898861916787695] 0.000000000000000 [2.379839934316188, 48.898637561099463] 0.000000000000000 [2.379863788005989, 48.898080171637631] 0.000000000000000 [2.379866374095169, 48.897994640403155] 0.000000000000000 [2.379869565467218, 48.897963299617047] 0.000000000000000 [2.379829012851766, 48.897960257684488] 0.000000000000000 [2.378805567951298, 48.897895390092977] 0.000000000000000 [2.376457134785611, 48.897717065273099] 0.000000000000000 [2.374948861456132, 48.897620919745329] 0.000000000000000 
[2.385539998253844, 48.897547868208498] 0.000000000000000 [2.385439706682686, 48.897687983030934] 0.000000000000000 [2.385799179123019, 48.898025299313503] 0.000000000000000 [2.386062769070645, 48.898168700230350] 0.000000000000000 
[2.385218505458441, 48.891545001616720] 0.000000000000000 [2.385177215999112, 48.891649803182808] 0.000000000000000 [2.385030530165879, 48.891864720265595] 0.000000000000000 [2.385011945304072, 48.891980968870676] 0.000000000000000 [2.385028053514394, 48.892067246855888] 0.000000000000000 [2.385153707334795, 48.892202795371297] 0.000000000000000 [2.385324772779270, 48.892333045132979] 0.000000000000000 [2.385430479514842, 48.892346165562010] 0.000000000000000 
[2.381833543396906, 48.898920093803667] 0.000000000000000 [2.381788093408367, 48.898919203603214] 0.000000000000000 [2.381500159426369, 48.898921485090170] 0.000000000000000 
[2.397156844004150, 48.889629122903507] 0.000000000000000 [2.397756726795517, 48.889499936063238] 0.000000000000000 [2.397878510183449, 48.889501939763448] 0.000000000000000 
[2.383996205942486, 48.889498047313730] 0.000000000000000 [2.383905722690048, 48.889498048540098] 0.000000000000000 [2.383755964884352, 48.889519387729244] 0.000000000000000 
[2.379029339304964, 48.889360384599748] 0.000000000000000 [2.379161602635149, 48.889420029088512] 0.000000000000000 [2.379715399679112, 48.889694198465797] 0.000000000000000 [2.380060317492794, 48.889855757283456] 0.000000000000000 
[2.382339473914487, 48.894795266490242] 0.000000000000000 [2.382737901014623, 48.895136291412783] 0.000000000000000 
[2.392365677869709, 48.899444010419892] 0.000000000000000 [2.390027652220712, 48.899610525781554] 0.000000000000000 
[2.393885953958815, 48.897386343888023] 0.000000000000000 [2.394268707881869, 48.897414388403426] 0.000000000000000 
[2.379098343494443, 48.895884304237669] 0.000000000000000 [2.379255739446145, 48.895999082484316] 0.000000000000000 
[2.396090826435565, 48.889176809661969] 0.000000000000000 [2.396242415055295, 48.889209688840353] 0.000000000000000 
[2.383873729367105, 48.890872819701471] 0.000000000000000 [2.384536221404761, 48.891190607359896] 0.000000000000000 [2.384674574802842, 48.891260243168631] 0.000000000000000 [2.385218505458441, 48.891545001616720] 0.000000000000000 
[2.391040193315283, 48.900365700329779] 0.000000000000000 [2.390210942298999, 48.900562306462909] 0.000000000000000 [2.389412293166117, 48.900680214806080] 0.000000000000000 [2.389246070776030, 48.900731460811755] 0.000000000000000 
[2.389246070776030, 48.900731460811755] 0.000000000000000 [2.389157421031509, 48.900742922795665] 0.000000000000000 [2.388936665269781, 48.900820281430725] 0.000000000000000 
[2.388522974234722, 48.900576397247079] 0.000000000000000 [2.388481379335624, 48.900715633981712] 0.000000000000000 [2.388386037879395, 48.900851738220901] 0.000000000000000 
[2.385430479514842, 48.892346165562010] 0.000000000000000 [2.385558611123477, 48.892487899250433] 0.000000000000000 [2.385576632927290, 48.892535427193302] 0.000000000000000 
[2.382399204344999, 48.891664856913415] 0.000000000000000 [2.381860321711932, 48.891954944354026] 0.000000000000000 [2.381271722842325, 48.892307944248508] 0.000000000000000 [2.380067930223649, 48.893039692454124] 0.000000000000000 
[2.381343244012489, 48.895951231183645] 0.000000000000000 [2.381753191483361, 48.895905126003107] 0.000000000000000 [2.383478920527045, 48.896008429306356] 0.000000000000000 
[2.391942268071642, 48.897272665164067] 0.000000000000000 [2.391724082543345, 48.897313895094754] 0.000000000000000 [2.391439682655591, 48.897383392670591] 0.000000000000000 [2.391077345490994, 48.897452936685426] 0.000000000000000 [2.390699398132260, 48.897504501133710] 0.000000000000000 [2.390243504166636, 48.897545831753575] 0.000000000000000 [2.389857734026272, 48.897566561197173] 0.000000000000000 [2.389514835407663, 48.897589850660061] 0.000000000000000 [2.389269332932489, 48.897597671233484] 0.000000000000000 [2.389121937897730, 48.897590455217205] 0.000000000000000 
[2.383478920527045, 48.896008429306356] 0.000000000000000 [2.383578078802063, 48.895996230606215] 0.000000000000000 [2.383691177278576, 48.896029492951683] 0.000000000000000 
[2.381833543396906, 48.898920093803667] 0.000000000000000 [2.381734168991058, 48.899077704497998] 0.000000000000000 [2.381114246622425, 48.899934058397371] 0.000000000000000 
[2.395645610230078, 48.892098894140304] 0.000000000000000 [2.395756615979978, 48.891930699030134] 0.000000000000000 [2.396118726377234, 48.890688934898634] 0.000000000000000 [2.396148158248979, 48.890610673457878] 0.000000000000000 [2.396204217692340, 48.890538243463816] 0.000000000000000 [2.396355837364370, 48.890433156181707] 0.000000000000000 [2.396577018191723, 48.890224210587313] 0.000000000000000 
[2.395424752950245, 48.892176544286357] 0.000000000000000 [2.395572374449694, 48.891959868496194] 0.000000000000000 [2.395653676545440, 48.891791823898579] 0.000000000000000 [2.395758523444080, 48.891374990871569] 0.000000000000000 [2.396042594471351, 48.890419291065101] 0.000000000000000 [2.396163872034822, 48.890143339389802] 0.000000000000000 
[2.388230672137184, 48.901444576669334] 0.000000000000000 [2.388171471014792, 48.901285151910329] 0.000000000000000 
[2.391377376852853, 48.900599746078164] 0.000000000000000 [2.391040193315283, 48.900365700329779] 0.000000000000000 
[2.382737901014623, 48.895136291412783] 0.000000000000000 [2.383408808440167, 48.895693838229164] 0.000000000000000 
[2.385462391731990, 48.889475341386976] 0.000000000000000 [2.386181390928782, 48.889672726887930] 0.000000000000000 
[2.381307623159694, 48.900454880161078] 0.000000000000000 [2.380312956727187, 48.902073966580232] 0.000000000000000 
[2.384279908565287, 48.895903997342103] 0.000000000000000 [2.384239637976510, 48.895980092766933] 0.000000000000000 [2.384094082761488, 48.896111222678869] 0.000000000000000 
[2.383881408682525, 48.896211823371516] 0.000000000000000 [2.383672070467029, 48.896177009261059] 0.000000000000000 [2.383559002843297, 48.896177055930089] 0.000000000000000 [2.383436336575711, 48.896210423994482] 0.000000000000000 [2.383351068679841, 48.896213507588492] 0.000000000000000 
[2.389344552015541, 48.901117295517189] 0.000000000000000 [2.389014847087626, 48.901127978664036] 0.000000000000000 [2.388171471014792, 48.901285151910329] 0.000000000000000 
[2.389113442007562, 48.897422330010812] 0.000000000000000 [2.389117619903689, 48.897504980336386] 0.000000000000000 
[2.384370440824072, 48.900351317754094] 0.000000000000000 [2.384056378302215, 48.900455990043071] 0.000000000000000 
[2.396213907780428, 48.890155524773455] 0.000000000000000 [2.396071288279948, 48.890638412005934] 0.000000000000000 [2.396052121946725, 48.890714068613129] 0.000000000000000 [2.395826795240286, 48.891468939157832] 0.000000000000000 [2.395645610230078, 48.892098894140304] 0.000000000000000 
[2.383076988956580, 48.889896831426697] 0.000000000000000 [2.383556551474415, 48.890135932379295] 0.000000000000000 
[2.397009318816588, 48.889800468600193] 0.000000000000000 [2.396969151938228, 48.889955237148797] 0.000000000000000 [2.396857420440796, 48.890124153042478] 0.000000000000000 
[2.394268707881869, 48.897414388403426] 0.000000000000000 [2.395844137198038, 48.897491367782763] 0.000000000000000 
[2.384113439236991, 48.893046888659114] 0.000000000000000 [2.384168813812168, 48.893108493477207] 0.000000000000000 [2.384523108583954, 48.893394476179267] 0.000000000000000 [2.384609027593988, 48.893449107059787] 0.000000000000000 
[2.385790296856875, 48.897688272541139] 0.000000000000000 [2.386147262939402, 48.898026415771938] 0.000000000000000 [2.386214332224462, 48.898251133916453] 0.000000000000000 
[2.381363184650217, 48.900354445037372] 0.000000000000000 [2.381307623159694, 48.900454880161078] 0.000000000000000 
[2.381363184650217, 48.900354445037372] 0.000000000000000 [2.380879267627540, 48.900335057177003] 0.000000000000000 
[2.382239389228559, 48.898928106290619] 0.000000000000000 [2.382145092374108, 48.899087838010807] 0.000000000000000 [2.382121598608855, 48.899156641110224] 0.000000000000000 [2.381515369653423, 48.900126122077374] 0.000000000000000 
[2.388386037879395, 48.900851738220901] 0.000000000000000 [2.388225870609067, 48.900955668432402] 0.000000000000000 [2.388099743700433, 48.901000518494747] 0.000000000000000 
[2.392780138567599, 48.897313379051418] 0.000000000000000 [2.392558025020782, 48.897316051366730] 0.000000000000000 [2.391942268071642, 48.897272665164067] 0.000000000000000 
[2.392534228806804, 48.896953790226448] 0.000000000000000 [2.392577225959326, 48.897069379581858] 0.000000000000000 [2.392608528184631, 48.897179849153410] 0.000000000000000 [2.392698255923294, 48.897272295062251] 0.000000000000000 [2.392780138567599, 48.897313379051418] 0.000000000000000 
[2.392534228806804, 48.896953790226448] 0.000000000000000 [2.392413560328082, 48.897074612533274] 0.000000000000000 [2.392265566277689, 48.897154325077182] 0.000000000000000 [2.391942268071642, 48.897272665164067] 0.000000000000000 
[2.383691177278576, 48.896029492951683] 0.000000000000000 [2.383758481949337, 48.895967603928611] 0.000000000000000 [2.383873923304748, 48.895939013299149] 0.000000000000000 
[2.397985794412998, 48.893527361549530] 0.000000000000000 [2.398030292529640, 48.893613965530214] 0.000000000000000 
[2.383343188627906, 48.893451791738222] 0.000000000000000 [2.383239811025818, 48.893364640605988] 0.000000000000000 [2.382878955110266, 48.893556296835619] 0.000000000000000 [2.382971806951582, 48.893646699924432] 0.000000000000000 
[2.397919318105400, 48.890252938611027] 0.000000000000000 [2.398023907193747, 48.890277459196263] 0.000000000000000 [2.398168644647076, 48.890446121166441] 0.000000000000000 [2.398284809130018, 48.890646227944913] 0.000000000000000 
[2.383694020775328, 48.895630285789785] 0.000000000000000 [2.383693277793578, 48.895709871470579] 0.000000000000000 [2.383582595442153, 48.895838243990887] 0.000000000000000 
[2.389117619903689, 48.897504980336386] 0.000000000000000 [2.389121937897730, 48.897590455217205] 0.000000000000000 
[2.386288779226912, 48.898321919136556] 0.000000000000000 [2.386219514929768, 48.898374395279355] 0.000000000000000 
[2.397156844004150, 48.889629122903507] 0.000000000000000 [2.397000629380015, 48.889459251529345] 0.000000000000000 
[2.395317829954557, 48.892268441737023] 0.000000000000000 [2.395424752950245, 48.892176544286357] 0.000000000000000 
[2.395326352486014, 48.892104166734136] 0.000000000000000 [2.395375283128872, 48.891812461758562] 0.000000000000000 [2.395375274500912, 48.891804278815250] 0.000000000000000 [2.395564713995924, 48.891095048479890] 0.000000000000000 [2.395568752706833, 48.891015945865639] 0.000000000000000 [2.395585148615922, 48.890890470167264] 0.000000000000000 [2.395555905889541, 48.890645019700720] 0.000000000000000 [2.395510168119476, 48.890437751055522] 0.000000000000000 [2.395518265305328, 48.890285013694033] 0.000000000000000 [2.395567680578420, 48.890104989073599] 0.000000000000000 [2.395599128950723, 48.889919785365031] 0.000000000000000 
[2.392905536687802, 48.889012978975167] 0.000000000000000 [2.392976705963847, 48.888999112529838] 0.000000000000000 [2.393612479410310, 48.889152527695437] 0.000000000000000 
[2.388602153509365, 48.888944232902858] 0.000000000000000 [2.389158584764785, 48.889227563908584] 0.000000000000000 
[2.382533387305505, 48.898934022759043] 0.000000000000000 [2.382283910317561, 48.898928996924546] 0.000000000000000 [2.382239389228559, 48.898928106290619] 0.000000000000000 
[2.383873923304748, 48.895939013299149] 0.000000000000000 [2.384094082761488, 48.896111222678869] 0.000000000000000 
[2.396213907780428, 48.890155524773455] 0.000000000000000 [2.396577018191723, 48.890224210587313] 0.000000000000000 
[2.384609027593988, 48.893449107059787] 0.000000000000000 [2.384878788333742, 48.893670691064990] 0.000000000000000 
[2.383343188627906, 48.893451791738222] 0.000000000000000 [2.383193716503798, 48.893690493288126] 0.000000000000000 
[2.379098343494443, 48.895884304237669] 0.000000000000000 [2.379231753984516, 48.895765171797798] 0.000000000000000 [2.379290339501562, 48.895675852254151] 0.000000000000000 
[2.388508384359600, 48.900450955063398] 0.000000000000000 [2.388522974234722, 48.900576397247079] 0.000000000000000 
[2.386181390928782, 48.889672726887930] 0.000000000000000 [2.385942824337574, 48.890064042937496] 0.000000000000000 
[2.386484152367036, 48.900978296215285] 0.000000000000000 [2.386202109111862, 48.901168859576927] 0.000000000000000 [2.385623560207104, 48.901597786695625] 0.000000000000000 [2.385479640552083, 48.901641679381797] 0.000000000000000 
[2.398284809130018, 48.890646227944913] 0.000000000000000 [2.398451568368075, 48.891329721745414] 0.000000000000000 [2.398419005519730, 48.891476087743648] 0.000000000000000 [2.398140719657173, 48.892502230541460] 0.000000000000000 
[2.392534228806804, 48.896953790226448] 0.000000000000000 [2.392187413981626, 48.896959094660524] 0.000000000000000 [2.391774492815962, 48.897090328841102] 0.000000000000000 [2.391474518477876, 48.897172693939964] 0.000000000000000 [2.391065433131513, 48.897247395365589] 0.000000000000000 [2.390648531160415, 48.897309257479044] 0.000000000000000 [2.390317334650619, 48.897342821390794] 0.000000000000000 [2.389962734694444, 48.897366108319360] 0.000000000000000 [2.389569175998880, 48.897384278176965] 0.000000000000000 [2.389113442007562, 48.897422330010812] 0.000000000000000 
[2.388522974234722, 48.900576397247079] 0.000000000000000 [2.388054041565183, 48.900596672943287] 0.000000000000000 [2.386978243273177, 48.900607585642689] 0.000000000000000 
[2.387705913384404, 48.899633425295960] 0.000000000000000 [2.387779813219591, 48.899658517995626] 0.000000000000000 [2.387916564637434, 48.899775263381258] 0.000000000000000 
[2.394873642384990, 48.892867200459804] 0.000000000000000 [2.394994457689434, 48.892746024396949] 0.000000000000000 [2.395179214260715, 48.892537531735371] 0.000000000000000 [2.395318720144786, 48.892422199956464] 0.000000000000000 
[2.397000629380015, 48.889459251529345] 0.000000000000000 [2.397028962904150, 48.889647958289586] 0.000000000000000 [2.397009318816588, 48.889800468600193] 0.000000000000000 
[2.387767103159873, 48.889267253544894] 0.000000000000000 [2.388236900562426, 48.889397436547270] 0.000000000000000 [2.388291499529965, 48.889392690077031] 0.000000000000000 
[2.388499540330688, 48.897587952449044] 0.000000000000000 [2.387990543501845, 48.897588768017584] 0.000000000000000 
[2.394594112951084, 48.889168821786853] 0.000000000000000 [2.394619755394716, 48.889219905148714] 0.000000000000000 [2.394889661998311, 48.889290342654327] 0.000000000000000 
[2.388099743700433, 48.901000518494747] 0.000000000000000 [2.388171471014792, 48.901285151910329] 0.000000000000000 
[2.387381031102842, 48.901001110767503] 0.000000000000000 [2.387044380232442, 48.900954587308725] 0.000000000000000 [2.386767795016406, 48.900954709299022] 0.000000000000000 [2.386484152367036, 48.900978296215285] 0.000000000000000 
[2.397646173123950, 48.889916414493499] 0.000000000000000 [2.397898675846908, 48.890033309974932] 0.000000000000000 
[2.389121937897730, 48.897590455217205] 0.000000000000000 [2.388783403388974, 48.897665808170714] 0.000000000000000 [2.387864727143639, 48.897996151098809] 0.000000000000000 [2.387374107939405, 48.898167683070021] 0.000000000000000 [2.387071028837075, 48.898228086974370] 0.000000000000000 [2.386585106890538, 48.898272715961021] 0.000000000000000 [2.386288779226912, 48.898321919136556] 0.000000000000000 
[2.391858727467862, 48.899733194969635] 0.000000000000000 [2.392144187990554, 48.899587463556038] 0.000000000000000 [2.392365677869709, 48.899444010419892] 0.000000000000000 
[2.395569087472566, 48.889423392377246] 0.000000000000000 [2.395543941015427, 48.889563044120713] 0.000000000000000 [2.395541773591316, 48.889737531900259] 0.000000000000000 [2.395599128950723, 48.889919785365031] 0.000000000000000 
[2.383146389163572, 48.890513355125513] 0.000000000000000 [2.383873729367105, 48.890872819701471] 0.000000000000000 
[2.381720259698090, 48.894319626369757] 0.000000000000000 [2.382165887262459, 48.894637432975976] 0.000000000000000 [2.382216765077051, 48.894702771859301] 0.000000000000000 
[2.379188529350980, 48.890295975738077] 0.000000000000000 [2.378191780219190, 48.890804803712697] 0.000000000000000 
[2.395599128950723, 48.889919785365031] 0.000000000000000 [2.395896746850368, 48.890078433504335] 0.000000000000000 [2.395992887583646, 48.890110686073648] 0.000000000000000 
[2.383678706392217, 48.893976569584510] 0.000000000000000 [2.384356967325334, 48.894513001203499] 0.000000000000000 
[2.383478920527045, 48.896008429306356] 0.000000000000000 [2.383351068679841, 48.896213507588492] 0.000000000000000 
[2.386594335671843, 48.898527180041356] 0.000000000000000 [2.386871589404203, 48.898853944473224] 0.000000000000000 
[2.382399204344999, 48.891664856913415] 0.000000000000000 [2.383899288802976, 48.892870369571028] 0.000000000000000 [2.383969578689290, 48.892926985368454] 0.000000000000000 [2.384113439236991, 48.893046888659114] 0.000000000000000 
[2.395844137198038, 48.897491367782763] 0.000000000000000 [2.396379925620877, 48.896661407980815] 0.000000000000000 [2.396365537262544, 48.896525282654771] 0.000000000000000 [2.396472398410750, 48.896261766246006] 0.000000000000000 [2.396536609643348, 48.896203054303264] 0.000000000000000 [2.396778885743622, 48.896219212517714] 0.000000000000000 
[2.385539998253844, 48.897547868208498] 0.000000000000000 [2.385790296856875, 48.897688272541139] 0.000000000000000 
[2.392365677869709, 48.899444010419892] 0.000000000000000 [2.392512199654869, 48.899346997536476] 0.000000000000000 [2.392789945433155, 48.899136699729880] 0.000000000000000 [2.393042027731963, 48.898909876716807] 0.000000000000000 [2.393236969272326, 48.898694124678585] 0.000000000000000 [2.393439483020623, 48.898420824012391] 0.000000000000000 [2.393579971123410, 48.898180468204934] 0.000000000000000 [2.393771268968953, 48.897764376390491] 0.000000000000000 [2.393885953958815, 48.897386343888023] 0.000000000000000 
[2.380275315718009, 48.900189481534589] 0.000000000000000 [2.380999297315435, 48.900145927963791] 0.000000000000000 
[2.384056378302215, 48.900455990043071] 0.000000000000000 [2.383000126429903, 48.900390112269605] 0.000000000000000 [2.381363184650217, 48.900354445037372] 0.000000000000000 
[2.385479640552083, 48.901641679381797] 0.000000000000000 [2.385207405396639, 48.901883935390757] 0.000000000000000 
[2.386181390928782, 48.889672726887930] 0.000000000000000 [2.386444624835676, 48.889240663380129] 0.000000000000000 
[2.395487820868353, 48.891856755696764] 0.000000000000000 [2.396097396882981, 48.890127168927826] 0.000000000000000 
[2.395487820868353, 48.891856755696764] 0.000000000000000 [2.395601873885893, 48.891439442298129] 0.000000000000000 [2.395842396620909, 48.890604061691569] 0.000000000000000 [2.395992887583646, 48.890110686073648] 0.000000000000000 
[2.385581955175522, 48.901945186746687] 0.000000000000000 [2.385561649639429, 48.901894395604998] 0.000000000000000 
[2.394935217671059, 48.889496082905097] 0.000000000000000 [2.395599128950723, 48.889919785365031] 0.000000000000000 
[2.382339473914487, 48.894795266490242] 0.000000000000000 [2.381621183132773, 48.895316422633158] 0.000000000000000 
[2.394889661998311, 48.889290342654327] 0.000000000000000 [2.394911272109860, 48.889251411448413] 0.000000000000000 
[2.386484152367036, 48.900978296215285] 0.000000000000000 [2.386152705542709, 48.901130239046161] 0.000000000000000 [2.385799117813963, 48.901379501524183] 0.000000000000000 [2.385479640552083, 48.901641679381797] 0.000000000000000 
[2.380999297315435, 48.900145927963791] 0.000000000000000 [2.380960959482779, 48.900212291563577] 0.000000000000000 
[2.379128188916362, 48.892314781127304] 0.000000000000000 [2.380067930223649, 48.893039692454124] 0.000000000000000 
[2.385198249202005, 48.893158840719828] 0.000000000000000 [2.384878788333742, 48.893670691064990] 0.000000000000000 
[2.393576757762363, 48.899360085313916] 0.000000000000000 [2.392843038972714, 48.899410053289159] 0.000000000000000 
[2.383028375965257, 48.897989834213377] 0.000000000000000 [2.382936690649113, 48.898019116569010] 0.000000000000000 [2.382906437255099, 48.898047968078124] 0.000000000000000 [2.382624134396161, 48.898489653896867] 0.000000000000000 [2.382358484130938, 48.898740505821493] 0.000000000000000 [2.382239389228559, 48.898928106290619] 0.000000000000000 
[2.380846638611625, 48.900394844788465] 0.000000000000000 [2.380570707227872, 48.900842369270194] 0.000000000000000 [2.380336736794097, 48.901000489255146] 0.000000000000000 [2.380108509975390, 48.901366223123198] 0.000000000000000 [2.380153209358668, 48.901491161163158] 0.000000000000000 [2.379795896633548, 48.902062923047339] 0.000000000000000 
[2.383811174419410, 48.898768780028156] 0.000000000000000 [2.383129291858899, 48.898913546845520] 0.000000000000000 [2.382533387305505, 48.898934022759043] 0.000000000000000 
[2.390738751607453, 48.900144566954594] 0.000000000000000 [2.390953826327978, 48.900091191321202] 0.000000000000000 [2.391370510080296, 48.899946379020328] 0.000000000000000 [2.391812786743753, 48.899756958037408] 0.000000000000000 [2.391858727467862, 48.899733194969635] 0.000000000000000 
[2.389113442007562, 48.897422330010812] 0.000000000000000 [2.389043136945413, 48.897428199123645] 0.000000000000000 [2.388398343846919, 48.897465229647523] 0.000000000000000 
[2.384609027593988, 48.893449107059787] 0.000000000000000 [2.383678706392217, 48.893976569584510] 0.000000000000000 
[2.390067876992918, 48.897451076885034] 0.000000000000000 [2.389586789426910, 48.897517928739461] 0.000000000000000 [2.389262032758270, 48.897541865721962] 0.000000000000000 [2.389121937897730, 48.897590455217205] 0.000000000000000 
[2.394615141375759, 48.893653955894543] 0.000000000000000 [2.394334660989422, 48.894770539375685] 0.000000000000000 [2.394053203265794, 48.895392665295894] 0.000000000000000 [2.393927975090009, 48.895610532925424] 0.000000000000000 [2.393840165221511, 48.895739191537743] 0.000000000000000 
[2.396810383925988, 48.889341538156721] 0.000000000000000 [2.397000629380015, 48.889459251529345] 0.000000000000000 
[2.386214332224462, 48.898251133916453] 0.000000000000000 [2.385766258273210, 48.898323144311959] 0.000000000000000 
[2.385805921006872, 48.898390797178529] 0.000000000000000 [2.385836279017906, 48.898442564493266] 0.000000000000000 
[2.390027652220712, 48.899610525781554] 0.000000000000000 [2.388083042823494, 48.899748991707661] 0.000000000000000 [2.387916564637434, 48.899775263381258] 0.000000000000000 
[2.386562511877421, 48.897568098964769] 0.000000000000000 [2.386000443437516, 48.897539756325934] 0.000000000000000 [2.385805957296015, 48.897538059392183] 0.000000000000000 [2.385539998253844, 48.897547868208498] 0.000000000000000 
[2.395375734979182, 48.892359256789561] 0.000000000000000 [2.395645610230078, 48.892098894140304] 0.000000000000000 
[2.387365017004138, 48.890794708655100] 0.000000000000000 [2.387238128521175, 48.890992982699792] 0.000000000000000 [2.387168096031866, 48.891043850470361] 0.000000000000000 [2.386832204661843, 48.891552341142699] 0.000000000000000 [2.386720273401742, 48.891751102997965] 0.000000000000000 [2.386720389653659, 48.891866632852981] 0.000000000000000 [2.386874685801101, 48.891972859161925] 0.000000000000000 [2.388070130415808, 48.892582951194136] 0.000000000000000 
[2.381500202012746, 48.894426943234869] 0.000000000000000 [2.381600419153984, 48.894488557734419] 0.000000000000000 [2.382216765077051, 48.894702771859301] 0.000000000000000 
[2.396577018191723, 48.890224210587313] 0.000000000000000 [2.396465645839193, 48.890456344666113] 0.000000000000000 [2.396337631246097, 48.890628245518734] 0.000000000000000 [2.396255087765764, 48.890781021231923] 0.000000000000000 [2.396114983592802, 48.891222953353321] 0.000000000000000 [2.395995514012041, 48.891634848563370] 0.000000000000000 [2.395806014247902, 48.892278621138374] 0.000000000000000 [2.395485515378213, 48.892690592777079] 0.000000000000000 
[2.385561649639429, 48.901894395604998] 0.000000000000000 [2.385499174571943, 48.901893477942501] 0.000000000000000 [2.385299729500506, 48.901916890581447] 0.000000000000000 [2.385207405396639, 48.901883935390757] 0.000000000000000 
[2.380067930223649, 48.893039692454124] 0.000000000000000 [2.379862393141760, 48.893155246510986] 0.000000000000000 
[2.398140719657173, 48.892502230541460] 0.000000000000000 [2.398135466284225, 48.892522385727581] 0.000000000000000 [2.397935468490857, 48.893360087384622] 0.000000000000000 [2.397985794412998, 48.893527361549530] 0.000000000000000 
[2.396980910390790, 48.890047343556645] 0.000000000000000 [2.397457196838453, 48.890126460341719] 0.000000000000000 
[2.391190889253969, 48.889664303808885] 0.000000000000000 [2.390792537655025, 48.890049348060010] 0.000000000000000 
[2.379862393141760, 48.893155246510986] 0.000000000000000 [2.381500202012746, 48.894426943234869] 0.000000000000000 
[2.380060317492794, 48.889855757283456] 0.000000000000000 [2.379188529350980, 48.890295975738077] 0.000000000000000 
[2.385561649639429, 48.901894395604998] 0.000000000000000 [2.385515139991617, 48.901774694294623] 0.000000000000000 
[2.389445349044970, 48.901214973700839] 0.000000000000000 [2.389344552015541, 48.901117295517189] 0.000000000000000 
[2.397178392806004, 48.889844730972342] 0.000000000000000 [2.397212222856544, 48.889795864055138] 0.000000000000000 [2.397190692953300, 48.889731046891931] 0.000000000000000 
[2.386726736119628, 48.900204729950957] 0.000000000000000 [2.386722899475897, 48.900201215577034] 0.000000000000000 [2.386208365828734, 48.899995317131726] 0.000000000000000 [2.386095490313372, 48.899950843150570] 0.000000000000000 [2.385997626432675, 48.899912270869542] 0.000000000000000 [2.385993928892028, 48.899911309433662] 0.000000000000000 [2.385908410393506, 48.899888999689139] 0.000000000000000 [2.385825545972600, 48.899874359342938] 0.000000000000000 [2.385719205370729, 48.899870997321834] 0.000000000000000 [2.385547895058457, 48.899881582988897] 0.000000000000000 [2.385344969765188, 48.899921058463761] 0.000000000000000 [2.384932543617980, 48.900114408559872] 0.000000000000000 
[2.394873642384990, 48.892867200459804] 0.000000000000000 [2.394922432235818, 48.892685063545571] 0.000000000000000 [2.395007064750391, 48.892541019322863] 0.000000000000000 [2.395235487358498, 48.892329113896082] 0.000000000000000 [2.395317829954557, 48.892268441737023] 0.000000000000000 
[2.397878510183449, 48.889501939763448] 0.000000000000000 [2.398798247898760, 48.889536162270339] 0.000000000000000 
[2.383408808440167, 48.895693838229164] 0.000000000000000 [2.383560937913783, 48.895679791676876] 0.000000000000000 [2.383694020775328, 48.895630285789785] 0.000000000000000 
[2.386515181989247, 48.889759523164457] 0.000000000000000 [2.386782547962853, 48.889330172698358] 0.000000000000000 
[2.388936665269781, 48.900820281430725] 0.000000000000000 [2.389212246538229, 48.900993435877496] 0.000000000000000 
[2.386288779226912, 48.898321919136556] 0.000000000000000 [2.385805921006872, 48.898390797178529] 0.000000000000000 
[2.386562511877421, 48.897568098964769] 0.000000000000000 [2.386100459332183, 48.897619855703375] 0.000000000000000 [2.385865480855297, 48.897635992446411] 0.000000000000000 [2.385790296856875, 48.897688272541139] 0.000000000000000 
[2.384583496013061, 48.898493998024108] 0.000000000000000 [2.383975435821101, 48.898621401025864] 0.000000000000000 [2.383811174419410, 48.898768780028156] 0.000000000000000 
[2.388171471014792, 48.901285151910329] 0.000000000000000 [2.387177108784435, 48.901474275410081] 0.000000000000000 
[2.397985794412998, 48.893527361549530] 0.000000000000000 [2.397685391577765, 48.894630070467258] 0.000000000000000 [2.396964756354965, 48.895798289838496] 0.000000000000000 [2.397031476489941, 48.895808676536006] 0.000000000000000 
[2.382595589028976, 48.889657442013807] 0.000000000000000 [2.383076988956580, 48.889896831426697] 0.000000000000000 
[2.386515181989247, 48.889759523164457] 0.000000000000000 [2.386272500990671, 48.890153548187882] 0.000000000000000 
[2.380999297315435, 48.900145927963791] 0.000000000000000 [2.381278275836010, 48.900126116042124] 0.000000000000000 [2.381515369653423, 48.900126122077374] 0.000000000000000 
[2.384825034378466, 48.899947988948348] 0.000000000000000 [2.385431888979264, 48.899814187713041] 0.000000000000000 [2.385597182232759, 48.899789386482759] 0.000000000000000 [2.385747219448995, 48.899785185581138] 0.000000000000000 [2.385899867646644, 48.899801665887516] 0.000000000000000 [2.386004774716198, 48.899817268141305] 0.000000000000000 [2.386138772731745, 48.899869457767096] 0.000000000000000 [2.386240019954430, 48.899908801796066] 0.000000000000000 [2.386362146339887, 48.899956419374355] 0.000000000000000 [2.386773973780553, 48.900125293639128] 0.000000000000000 [2.386805777000645, 48.900132239986732] 0.000000000000000 
[2.392331059887399, 48.899713000797284] 0.000000000000000 [2.392134323108151, 48.899916783033234] 0.000000000000000 [2.391878743212496, 48.900073030684631] 0.000000000000000 [2.391576206799423, 48.900198437454755] 0.000000000000000 [2.391257551179288, 48.900303536899116] 0.000000000000000 [2.391040193315283, 48.900365700329779] 0.000000000000000 
[2.398839713064243, 48.889323370954628] 0.000000000000000 [2.399002283936995, 48.888460957919911] 0.000000000000000 
[2.390738751607453, 48.900144566954594] 0.000000000000000 [2.390599602674512, 48.900026342293366] 0.000000000000000 
[2.383881408682525, 48.896211823371516] 0.000000000000000 [2.384132581865861, 48.896380458224712] 0.000000000000000 
[2.396344041971914, 48.889234553924325] 0.000000000000000 [2.396402953490639, 48.888823113979718] 0.000000000000000 [2.396592534888096, 48.888150212620978] 0.000000000000000 [2.396852946512396, 48.887199802037244] 0.000000000000000 [2.396959786713266, 48.886869576612561] 0.000000000000000 
[2.383076988956580, 48.889896831426697] 0.000000000000000 [2.383065379531729, 48.889907025673850] 0.000000000000000 [2.383036274286354, 48.889932612488963] 0.000000000000000 [2.382721777468031, 48.890208179507887] 0.000000000000000 [2.382698884055384, 48.890228242252675] 0.000000000000000 [2.382670949537225, 48.890252714454775] 0.000000000000000 [2.382653112616344, 48.890268215822317] 0.000000000000000 
[2.388522974234722, 48.900576397247079] 0.000000000000000 [2.388936665269781, 48.900820281430725] 0.000000000000000 
[2.392534228806804, 48.896953790226448] 0.000000000000000 [2.391894338601327, 48.897149019672597] 0.000000000000000 [2.391465644863727, 48.897264604655376] 0.000000000000000 [2.391035284129920, 48.897354738020539] 0.000000000000000 [2.390067876992918, 48.897451076885034] 0.000000000000000 
[2.397985794412998, 48.893527361549530] 0.000000000000000 [2.398053640892324, 48.893524438987932] 0.000000000000000 
[2.380932512114219, 48.889398112820849] 0.000000000000000 [2.380537656334386, 48.889331188266659] 0.000000000000000 [2.379962443641471, 48.889668008164747] 0.000000000000000 
[2.393885953958815, 48.897386343888023] 0.000000000000000 [2.394113590350452, 48.896670047005671] 0.000000000000000 [2.394431182756454, 48.895668812725553] 0.000000000000000 [2.394745499029923, 48.894677201761503] 0.000000000000000 [2.395028145482004, 48.893671308070445] 0.000000000000000 [2.395296331036529, 48.892671265426578] 0.000000000000000 
[2.384056378302215, 48.900455990043071] 0.000000000000000 [2.383739864709953, 48.900536687612970] 0.000000000000000 [2.383490495537919, 48.900582833073791] 0.000000000000000 [2.383226160440986, 48.900612528064421] 0.000000000000000 [2.382857049497002, 48.900607750670034] 0.000000000000000 [2.382465858266993, 48.900561461138537] 0.000000000000000 [2.381307623159694, 48.900454880161078] 0.000000000000000 
[2.396138345464458, 48.889572438270825] 0.000000000000000 [2.396242415055295, 48.889209688840353] 0.000000000000000 
[2.382239389228559, 48.898928106290619] 0.000000000000000 [2.382035934116999, 48.898924060151565] 0.000000000000000 [2.381833543396906, 48.898920093803667] 0.000000000000000 
[2.383193716503798, 48.893690493288126] 0.000000000000000 [2.383252395939308, 48.893728104625396] 0.000000000000000 [2.383372714557880, 48.893772478754229] 0.000000000000000 [2.383433028065776, 48.893776123078588] 0.000000000000000 
[2.382737901014623, 48.895136291412783] 0.000000000000000 [2.381343244012489, 48.895951231183645] 0.000000000000000 
[2.384819119504929, 48.890762262451560] 0.000000000000000 [2.386086005682926, 48.891394026432536] 0.000000000000000 
[2.389158584764785, 48.889227563908584] 0.000000000000000 [2.389358464667097, 48.889331742736502] 0.000000000000000 [2.389477552997829, 48.889390473113480] 0.000000000000000 
[2.396242415055295, 48.889209688840353] 0.000000000000000 [2.396344041971914, 48.889234553924325] 0.000000000000000 
[2.387401546621080, 48.899347240796743] 0.000000000000000 [2.387854067177292, 48.899576011479333] 0.000000000000000 [2.387898290913928, 48.899618950370687] 0.000000000000000 [2.387955492222703, 48.899707610975106] 0.000000000000000 [2.387916564637434, 48.899775263381258] 0.000000000000000 
[2.382653112616344, 48.890268215822317] 0.000000000000000 [2.382145926745366, 48.890708912009465] 0.000000000000000 
[2.383556551474415, 48.890135932379295] 0.000000000000000 [2.384819119504929, 48.890762262451560] 0.000000000000000 
[2.396577018191723, 48.890224210587313] 0.000000000000000 [2.396857420440796, 48.890124153042478] 0.000000000000000 
[2.384113439236991, 48.893046888659114] 0.000000000000000 [2.383802776378429, 48.893208177749273] 0.000000000000000 [2.383590098075113, 48.893322185149650] 0.000000000000000 [2.383343188627906, 48.893451791738222] 0.000000000000000 
[2.383582595442153, 48.895838243990887] 0.000000000000000 [2.383683771230372, 48.895826457582210] 0.000000000000000 [2.383873923304748, 48.895939013299149] 0.000000000000000 
[2.398798247898760, 48.889536162270339] 0.000000000000000 [2.398839713064243, 48.889323370954628] 0.000000000000000 
[2.383684876456758, 48.889362655018637] 0.000000000000000 [2.383076988956580, 48.889896831426697] 0.000000000000000 
[2.385084842287545, 48.890037963677536] 0.000000000000000 [2.384858380644762, 48.890378705198152] 0.000000000000000 [2.384819119504929, 48.890762262451560] 0.000000000000000 
[2.382216765077051, 48.894702771859301] 0.000000000000000 [2.382290492014253, 48.894759216519240] 0.000000000000000 [2.382339473914487, 48.894795266490242] 0.000000000000000 
[2.397457196838453, 48.890126460341719] 0.000000000000000 [2.397919318105400, 48.890252938611027] 0.000000000000000 
[2.392331059887399, 48.899713000797284] 0.000000000000000 [2.391974829842276, 48.899879810287231] 0.000000000000000 [2.391497626350613, 48.900061605398577] 0.000000000000000 [2.391027199843670, 48.900207523524074] 0.000000000000000 [2.390877716349991, 48.900244546158255] 0.000000000000000 
[2.386219514929768, 48.898374395279355] 0.000000000000000 [2.386486092538218, 48.898570437461139] 0.000000000000000 
[2.387528629974356, 48.897589514656481] 0.000000000000000 [2.386562511877421, 48.897568098964769] 0.000000000000000 
[2.396242415055295, 48.889209688840353] 0.000000000000000 [2.396286689150186, 48.889009459781107] 0.000000000000000 [2.396293956827011, 48.888860652527711] 0.000000000000000 [2.396266533137533, 48.888734768504179] 0.000000000000000 [2.396223482616822, 48.888621905174482] 0.000000000000000 
[2.386968648693677, 48.900425926737491] 0.000000000000000 [2.387027334259088, 48.900323022928440] 0.000000000000000 [2.387121889501341, 48.900215337537894] 0.000000000000000 [2.387213086475693, 48.900159991953338] 0.000000000000000 
[2.385218505458441, 48.891545001616720] 0.000000000000000 [2.385314731129212, 48.891627730291610] 0.000000000000000 [2.385328140278969, 48.891685853799380] 0.000000000000000 [2.385285528635623, 48.891805618673793] 0.000000000000000 [2.385259582237363, 48.891910089815191] 0.000000000000000 [2.385270863232959, 48.892011694370481] 0.000000000000000 [2.385299885647525, 48.892124360783392] 0.000000000000000 [2.385430479514842, 48.892346165562010] 0.000000000000000 
[2.395318720144786, 48.892422199956464] 0.000000000000000 [2.395375734979182, 48.892359256789561] 0.000000000000000 
[2.395424752950245, 48.892176544286357] 0.000000000000000 [2.395487820868353, 48.891856755696764] 0.000000000000000 
[2.395785783069756, 48.889192705024129] 0.000000000000000 [2.395852177019593, 48.889177562722359] 0.000000000000000 [2.396090826435565, 48.889176809661969] 0.000000000000000 
[2.386726736119628, 48.900204729950957] 0.000000000000000 [2.386805777000645, 48.900132239986732] 0.000000000000000 
[2.383433028065776, 48.893776123078588] 0.000000000000000 [2.383678706392217, 48.893976569584510] 0.000000000000000 
[2.389344552015541, 48.901117295517189] 0.000000000000000 [2.389041857153928, 48.901103946553270] 0.000000000000000 [2.388727964981821, 48.900947795543807] 0.000000000000000 
[2.390067876992918, 48.897451076885034] 0.000000000000000 [2.389601151182250, 48.897452878085858] 0.000000000000000 [2.389221059934389, 48.897476848572289] 0.000000000000000 [2.389117619903689, 48.897504980336386] 0.000000000000000 
[2.383193716503798, 48.893690493288126] 0.000000000000000 [2.383088888396660, 48.893745077903120] 0.000000000000000 [2.382971806951582, 48.893646699924432] 0.000000000000000 
[2.380932512114219, 48.889398112820849] 0.000000000000000 [2.382166418682378, 48.890011551196025] 0.000000000000000 
[2.392905536687802, 48.889012978975167] 0.000000000000000 [2.393022286960378, 48.888835242665493] 0.000000000000000 [2.393136281137128, 48.888788252666373] 0.000000000000000 
[2.387213086475693, 48.900159991953338] 0.000000000000000 [2.387488984832125, 48.899944168038907] 0.000000000000000 [2.387666925273004, 48.899842577877585] 0.000000000000000 
[2.385218505458441, 48.891545001616720] 0.000000000000000 [2.385232232174572, 48.891665391163805] 0.000000000000000 [2.385189619013379, 48.891796586350253] 0.000000000000000 [2.385171701666295, 48.891968948746282] 0.000000000000000 [2.385178331455270, 48.892027497896592] 0.000000000000000 [2.385254144884938, 48.892209587375156] 0.000000000000000 
[2.396344041971914, 48.889234553924325] 0.000000000000000 [2.396384091623379, 48.889243651901602] 0.000000000000000 
[2.392843038972714, 48.899410053289159] 0.000000000000000 [2.392365677869709, 48.899444010419892] 0.000000000000000 
[2.386062769070645, 48.898168700230350] 0.000000000000000 [2.386214332224462, 48.898251133916453] 0.000000000000000 
[2.388334170380101, 48.900159316922867] 0.000000000000000 [2.388633285657273, 48.900146770832414] 0.000000000000000 [2.389030660469233, 48.900181480534272] 0.000000000000000 [2.389431273606808, 48.900183085552968] 0.000000000000000 [2.389954745115388, 48.900146780457895] 0.000000000000000 [2.390465336163881, 48.900057601710728] 0.000000000000000 [2.390599602674512, 48.900026342293366] 0.000000000000000 
[2.395318720144786, 48.892422199956464] 0.000000000000000 [2.395317829954557, 48.892268441737023] 0.000000000000000 
[2.383873729367105, 48.890872819701471] 0.000000000000000 [2.383716686117390, 48.890968019398919] 0.000000000000000 [2.382399204344999, 48.891664856913415] 0.000000000000000 
[2.384094082761488, 48.896111222678869] 0.000000000000000 [2.384277420602243, 48.896298662879325] 0.000000000000000 
[2.394800639261435, 48.892716456600589] 0.000000000000000 [2.394651682723909, 48.893291844359815] 0.000000000000000 [2.394615141375759, 48.893653955894543] 0.000000000000000 
[2.379803669601968, 48.898861916787695] 0.000000000000000 [2.379749091616400, 48.899919683041340] 0.000000000000000 
[2.386871589404203, 48.898853944473224] 0.000000000000000 [2.387401546621080, 48.899347240796743] 0.000000000000000 
[2.385836279017906, 48.898442564493266] 0.000000000000000 [2.384126238210038, 48.898795879090905] 0.000000000000000 [2.383811174419410, 48.898768780028156] 0.000000000000000 
[2.396360688186463, 48.889630649100070] 0.000000000000000 [2.396213907780428, 48.890155524773455] 0.000000000000000 
[2.397898675846908, 48.890033309974932] 0.000000000000000 [2.398087333881219, 48.890065798498512] 0.000000000000000 [2.398267917767232, 48.890129972349527] 0.000000000000000 
[2.385084842287545, 48.890037963677536] 0.000000000000000 [2.386900026652250, 48.890628692963190] 0.000000000000000 
[2.382166418682378, 48.890011551196025] 0.000000000000000 [2.382186457017418, 48.890077181825227] 0.000000000000000 [2.382167060602033, 48.890133304607033] 0.000000000000000 [2.382145926745366, 48.890708912009465] 0.000000000000000 
[2.380067930223649, 48.893039692454124] 0.000000000000000 [2.381720259698090, 48.894319626369757] 0.000000000000000 
[2.383600133475260, 48.889302070380431] 0.000000000000000 [2.383684876456758, 48.889362655018637] 0.000000000000000 
[2.395569087472566, 48.889423392377246] 0.000000000000000 [2.395666471408513, 48.889285662839967] 0.000000000000000 [2.395785783069756, 48.889192705024129] 0.000000000000000 
[2.388167471676624, 48.897466925498570] 0.000000000000000 [2.387528629974356, 48.897589514656481] 0.000000000000000 
[2.397910764897075, 48.890161837689469] 0.000000000000000 [2.398267917767232, 48.890129972349527] 0.000000000000000 
[2.395485515378213, 48.892690592777079] 0.000000000000000 [2.395215699209862, 48.893692883960476] 0.000000000000000 [2.394924521201450, 48.894747802542362] 0.000000000000000 [2.394683595193642, 48.895748099046592] 0.000000000000000 [2.394441033969383, 48.896758370121631] 0.000000000000000 [2.394268707881869, 48.897414388403426] 0.000000000000000 
[2.379054669115607, 48.894236658808772] 0.000000000000000 [2.379043538587733, 48.894137823594704] 0.000000000000000 [2.378618688727023, 48.893799674110092] 0.000000000000000 [2.378558065788735, 48.893718222116199] 0.000000000000000 [2.378557171547694, 48.893628024820011] 0.000000000000000 [2.378604836048956, 48.893543655276112] 0.000000000000000 [2.378632081864098, 48.893507944416129] 0.000000000000000 [2.378662748307959, 48.893483203200127] 0.000000000000000 [2.378669017930943, 48.893479333586676] 0.000000000000000 
[2.397571819249437, 48.889947739668131] 0.000000000000000 [2.397499770707991, 48.890001995562891] 0.000000000000000 [2.397468638468188, 48.890059341424141] 0.000000000000000 [2.397457196838453, 48.890126460341719] 0.000000000000000 
[2.396980910390790, 48.890047343556645] 0.000000000000000 [2.397077412747900, 48.890005664886665] 0.000000000000000 [2.397178392806004, 48.889844730972342] 0.000000000000000 
[2.388167471676624, 48.897466925498570] 0.000000000000000 [2.387919718597888, 48.897407487355451] 0.000000000000000 [2.385853639642907, 48.897426160271664] 0.000000000000000 [2.385692071937494, 48.897459197120455] 0.000000000000000 [2.385539998253844, 48.897547868208498] 0.000000000000000 
[2.388508384359600, 48.900450955063398] 0.000000000000000 [2.388546712106408, 48.900449678571412] 0.000000000000000 [2.389019871853000, 48.900430217507100] 0.000000000000000 [2.389475001303891, 48.900387111481827] 0.000000000000000 [2.389905431314886, 48.900334761586699] 0.000000000000000 [2.390491003269795, 48.900206069382286] 0.000000000000000 [2.390738751607453, 48.900144566954594] 0.000000000000000 
[2.396466768895128, 48.889262403099707] 0.000000000000000 [2.396810383925988, 48.889341538156721] 0.000000000000000 
[2.393612479410310, 48.889152527695437] 0.000000000000000 [2.393721007560834, 48.888941458032150] 0.000000000000000 
[2.381720259698090, 48.894319626369757] 0.000000000000000 [2.381623049492003, 48.894357515411230] 0.000000000000000 [2.381500202012746, 48.894426943234869] 0.000000000000000 
[2.387705913384404, 48.899633425295960] 0.000000000000000 [2.387666749270366, 48.899669674213882] 0.000000000000000 [2.387666925273004, 48.899842577877585] 0.000000000000000 
[2.394615141375759, 48.893653955894543] 0.000000000000000 [2.394722576676723, 48.893388704863732] 0.000000000000000 [2.394798383060962, 48.893087381385385] 0.000000000000000 [2.394873642384990, 48.892867200459804] 0.000000000000000 
[2.386978243273177, 48.900607585642689] 0.000000000000000 [2.386962764351045, 48.900542664212189] 0.000000000000000 [2.386966113671508, 48.900481691803357] 0.000000000000000 
[2.387177108784435, 48.901474275410081] 0.000000000000000 [2.387211937609512, 48.901559745196892] 0.000000000000000 [2.385642301070439, 48.901861599565606] 0.000000000000000 [2.385561649639429, 48.901894395604998] 0.000000000000000 
[2.387666925273004, 48.899842577877585] 0.000000000000000 [2.387734282609300, 48.899831432620552] 0.000000000000000 [2.387816041602329, 48.899791755603054] 0.000000000000000 [2.387916564637434, 48.899775263381258] 0.000000000000000 
[2.387916564637434, 48.899775263381258] 0.000000000000000 [2.388334170380101, 48.900159316922867] 0.000000000000000 
[2.386086005682926, 48.891394026432536] 0.000000000000000 [2.386432269027364, 48.891558595997594] 0.000000000000000 
[2.394889661998311, 48.889290342654327] 0.000000000000000 [2.395450087718562, 48.889445593901272] 0.000000000000000 [2.395569087472566, 48.889423392377246] 0.000000000000000 
[2.397919318105400, 48.890252938611027] 0.000000000000000 [2.397905475387974, 48.890307198703773] 0.000000000000000 [2.398040718929858, 48.890463366506886] 0.000000000000000 [2.398284809130018, 48.890646227944913] 0.000000000000000 
[2.396163872034822, 48.890143339389802] 0.000000000000000 [2.396213907780428, 48.890155524773455] 0.000000000000000 
[2.393612479410310, 48.889152527695437] 0.000000000000000 [2.394935217671059, 48.889496082905097] 0.000000000000000 
[2.385479640552083, 48.901641679381797] 0.000000000000000 [2.385025736550550, 48.901274068153946] 0.000000000000000 [2.384921667859041, 48.901141567844043] 0.000000000000000 [2.384805721744156, 48.901039494890341] 0.000000000000000 
[2.386900026652250, 48.890628692963190] 0.000000000000000 [2.386951433307442, 48.890744963972367] 0.000000000000000 [2.386544132528587, 48.891428151745615] 0.000000000000000 [2.386432269027364, 48.891558595997594] 0.000000000000000 
[2.386966113671508, 48.900481691803357] 0.000000000000000 [2.388117883306711, 48.900469117847280] 0.000000000000000 [2.388508384359600, 48.900450955063398] 0.000000000000000 
[2.397190692953300, 48.889731046891931] 0.000000000000000 [2.397646173123950, 48.889916414493499] 0.000000000000000 
[2.382145926745366, 48.890708912009465] 0.000000000000000 [2.382123838247219, 48.890728110946164] 0.000000000000000 [2.379128188916362, 48.892314781127304] 0.000000000000000 
[2.387401546621080, 48.899347240796743] 0.000000000000000 [2.387548658851740, 48.899473047157940] 0.000000000000000 [2.387661265278086, 48.899589119906018] 0.000000000000000 [2.387705913384404, 48.899633425295960] 0.000000000000000 
[2.388398343846919, 48.897465229647523] 0.000000000000000 [2.388167471676624, 48.897466925498570] 0.000000000000000 
[2.382166418682378, 48.890011551196025] 0.000000000000000 [2.382239934329687, 48.890067538217778] 0.000000000000000 [2.382653112616344, 48.890268215822317] 0.000000000000000 
[2.394268707881869, 48.897414388403426] 0.000000000000000 [2.394127653253239, 48.897869133307687] 0.000000000000000 [2.393898900479509, 48.898330577319797] 0.000000000000000 [2.393749928292510, 48.898546297898150] 0.000000000000000 [2.393534579410183, 48.898805846514065] 0.000000000000000 [2.393282516211428, 48.899046357310596] 0.000000000000000 [2.393026207968493, 48.899275799764339] 0.000000000000000 [2.392843038972714, 48.899410053289159] 0.000000000000000 
[2.382176552327936, 48.897953893119855] 0.000000000000000 [2.382246765144530, 48.898010528128012] 0.000000000000000 [2.382051889195327, 48.898363400326460] 0.000000000000000 [2.381931083538402, 48.898756198127700] 0.000000000000000 [2.381833543396906, 48.898920093803667] 0.000000000000000 
[2.381500202012746, 48.894426943234869] 0.000000000000000 [2.379290339501562, 48.895675852254151] 0.000000000000000 
[2.395599128950723, 48.889919785365031] 0.000000000000000 [2.395440236997245, 48.890091746228975] 0.000000000000000 [2.394800639261435, 48.892716456600589] 0.000000000000000 
[2.382971806951582, 48.893646699924432] 0.000000000000000 [2.381720259698090, 48.894319626369757] 0.000000000000000 
[2.381500159426369, 48.898921485090170] 0.000000000000000 [2.381181611092247, 48.898855711295660] 0.000000000000000 [2.380765654604241, 48.898890567204070] 0.000000000000000 
[2.386871589404203, 48.898853944473224] 0.000000000000000 [2.386207787436045, 48.899024783610628] 0.000000000000000 [2.386023525290236, 48.899051716043147] 0.000000000000000 [2.383622690624872, 48.899689679322059] 0.000000000000000 
[2.384437713243270, 48.898635776590524] 0.000000000000000 [2.383811174419410, 48.898768780028156] 0.000000000000000 
[2.385766258273210, 48.898323144311959] 0.000000000000000 [2.385603590506927, 48.898349292936409] 0.000000000000000 [2.384843508592893, 48.898520920230993] 0.000000000000000 [2.384437713243270, 48.898635776590524] 0.000000000000000 
[2.390599602674512, 48.900026342293366] 0.000000000000000 [2.390027652220712, 48.899610525781554] 0.000000000000000 
[2.385462391731990, 48.889475341386976] 0.000000000000000 [2.385084842287545, 48.890037963677536] 0.000000000000000 
