[2.314597863260906, 48.822587351893361] 0.000000000000000 [2.314399594784941, 48.822478951380333] 0.000000000000000 
[2.314687532389351, 48.822219682989044] 0.000000000000000 [2.314644497501657, 48.822155952534459] 0.000000000000000 
[2.314399594784941, 48.822478951380333] 0.000000000000000 [2.314291624837404, 48.822417069069182] 0.000000000000000 
[2.316699378383800, 48.822034142280366] 0.000000000000000 [2.315593057079970, 48.822354392808577] 0.000000000000000 [2.314817205229634, 48.822537664303312] 0.000000000000000 
[2.314896277893590, 48.822626050849074] 0.000000000000000 [2.314518319989430, 48.822698801565849] 0.000000000000000 [2.312430859550539, 48.823147209076524] 0.000000000000000 [2.311756944966179, 48.823260921988066] 0.000000000000000 [2.311283170232064, 48.823327373827887] 0.000000000000000 
[2.314597863260906, 48.822587351893361] 0.000000000000000 [2.314560924258005, 48.822478793385798] 0.000000000000000 
[2.314817205229634, 48.822537664303312] 0.000000000000000 [2.314627679285536, 48.822428447254538] 0.000000000000000 
[2.314522025180184, 48.822364452282997] 0.000000000000000 [2.314326406890453, 48.822299550155591] 0.000000000000000 
[2.314896277893590, 48.822626050849074] 0.000000000000000 [2.314817205229634, 48.822537664303312] 0.000000000000000 
[2.314522025180184, 48.822364452282997] 0.000000000000000 [2.314848065602879, 48.822290837475698] 0.000000000000000 [2.316090891779139, 48.822003181261003] 0.000000000000000 [2.316540644808078, 48.821919394897947] 0.000000000000000 [2.316918601043902, 48.821860881298797] 0.000000000000000 
[2.314505778849910, 48.822454574392715] 0.000000000000000 [2.314549499717523, 48.822445203424763] 0.000000000000000 
[2.314391270532314, 48.822394490328300] 0.000000000000000 [2.314522025180184, 48.822364452282997] 0.000000000000000 
[2.314549499717523, 48.822445203424763] 0.000000000000000 [2.314522025180184, 48.822364452282997] 0.000000000000000 
[2.314291624837404, 48.822417069069182] 0.000000000000000 [2.314112829389327, 48.822343870025080] 0.000000000000000 
[2.314627679285536, 48.822428447254538] 0.000000000000000 [2.315577042457815, 48.822224984362705] 0.000000000000000 [2.316918601043902, 48.821860881298797] 0.000000000000000 
[2.314112829389327, 48.822343870025080] 0.000000000000000 [2.314240886195391, 48.822315567908753] 0.000000000000000 
[2.314291624837404, 48.822417069069182] 0.000000000000000 [2.314391270532314, 48.822394490328300] 0.000000000000000 
[2.314560924258005, 48.822478793385798] 0.000000000000000 [2.314549499717523, 48.822445203424763] 0.000000000000000 
[2.314399594784941, 48.822478951380333] 0.000000000000000 [2.314505778849910, 48.822454574392715] 0.000000000000000 
[2.314549499717523, 48.822445203424763] 0.000000000000000 [2.314627679285536, 48.822428447254538] 0.000000000000000 
[2.316699378383800, 48.822034142280366] 0.000000000000000 [2.316276162926473, 48.822259363144681] 0.000000000000000 [2.315781761493654, 48.822413419897593] 0.000000000000000 [2.315249606547455, 48.822533465035590] 0.000000000000000 [2.315074495114520, 48.822594636452102] 0.000000000000000 [2.314896277893590, 48.822626050849074] 0.000000000000000 
[2.314896277893590, 48.822626050849074] 0.000000000000000 [2.314597863260906, 48.822587351893361] 0.000000000000000 
[2.314326406890453, 48.822299550155591] 0.000000000000000 [2.314173157639893, 48.822260770441154] 0.000000000000000 
[2.314687532389351, 48.822219682989044] 0.000000000000000 [2.314326406890453, 48.822299550155591] 0.000000000000000 
[2.314112829389327, 48.822343870025080] 0.000000000000000 [2.314031793401026, 48.822292208742262] 0.000000000000000 
[2.316918601043902, 48.821860881298797] 0.000000000000000 [2.320816331584882, 48.820980688768358] 0.000000000000000 
[2.314817205229634, 48.822537664303312] 0.000000000000000 [2.314737743275535, 48.822556435058715] 0.000000000000000 
[2.314737743275535, 48.822556435058715] 0.000000000000000 [2.314597863260906, 48.822587351893361] 0.000000000000000 
[2.314326406890453, 48.822299550155591] 0.000000000000000 [2.314240886195391, 48.822315567908753] 0.000000000000000 
[2.314627679285536, 48.822428447254538] 0.000000000000000 [2.314522025180184, 48.822364452282997] 0.000000000000000 
[2.314597863260906, 48.822587351893361] 0.000000000000000 [2.311283170232064, 48.823327373827887] 0.000000000000000 
