[2.240164553013070, 48.863731676176087] 0.000000000000000 [2.240341845734654, 48.863806322288511] 0.000000000000000 [2.240466505360930, 48.863891912938946] 0.000000000000000 
[2.246933043072326, 48.875340172050670] 0.000000000000000 [2.247377545471680, 48.875083066294621] 0.000000000000000 [2.247865977819684, 48.874965453776547] 0.000000000000000 [2.248708830274190, 48.874526746289561] 0.000000000000000 [2.248791970040713, 48.874524382061217] 0.000000000000000 
[2.245025802482916, 48.874432563374910] 0.000000000000000 [2.245108038070397, 48.874321380343574] 0.000000000000000 [2.245240358194305, 48.874241522560673] 0.000000000000000 
[2.240137517436654, 48.866935264089726] 0.000000000000000 [2.240361072224986, 48.866918214052902] 0.000000000000000 [2.240856435200013, 48.866772138929811] 0.000000000000000 [2.241089991512625, 48.866672424772617] 0.000000000000000 [2.241561727731108, 48.866333890652243] 0.000000000000000 
[2.248123979876591, 48.863462924509463] 0.000000000000000 [2.249117849352196, 48.864936166837545] 0.000000000000000 
[2.245025802482916, 48.874432563374910] 0.000000000000000 [2.245094083541179, 48.874502932662139] 0.000000000000000 [2.245401181913212, 48.874933482575514] 0.000000000000000 
[2.236462566933307, 48.864026559344687] 0.000000000000000 [2.237236778481055, 48.863803352760897] 0.000000000000000 [2.237761280421567, 48.863681255783156] 0.000000000000000 [2.238926318617269, 48.863516738467808] 0.000000000000000 
[2.254977060178149, 48.873821874703538] 0.000000000000000 [2.255295148389251, 48.873968656986094] 0.000000000000000 
[2.255383843920970, 48.874143405016021] 0.000000000000000 [2.255529097123272, 48.874114398907665] 0.000000000000000 [2.255896478505379, 48.874148670263558] 0.000000000000000 
[2.255178428534253, 48.866099257672367] 0.000000000000000 [2.255418591999721, 48.866081712720401] 0.000000000000000 [2.255666066236152, 48.866077419755854] 0.000000000000000 [2.256069557432064, 48.866099890498838] 0.000000000000000 [2.256540195354618, 48.866188971184499] 0.000000000000000 [2.256705504127366, 48.866218727774587] 0.000000000000000 [2.256859625840930, 48.866211371225063] 0.000000000000000 [2.257091265203477, 48.866180535113109] 0.000000000000000 [2.257246475761617, 48.866122901102486] 0.000000000000000 [2.257274831616288, 48.866112381069641] 0.000000000000000 
[2.234627741073615, 48.865185360965363] 0.000000000000000 [2.234864199489401, 48.865327208428617] 0.000000000000000 [2.235248730113508, 48.865588880303342] 0.000000000000000 [2.235781481817352, 48.865899603018249] 0.000000000000000 [2.236254670515676, 48.866137070202676] 0.000000000000000 [2.236475974718092, 48.866234926370971] 0.000000000000000 
[2.251024442645036, 48.867825613828366] 0.000000000000000 [2.251064897638178, 48.867937631274799] 0.000000000000000 [2.252330476916355, 48.869874239379477] 0.000000000000000 
[2.236475974718092, 48.866234926370971] 0.000000000000000 [2.237071873525873, 48.866460087362242] 0.000000000000000 [2.237608168235582, 48.866631596869134] 0.000000000000000 [2.238226478555892, 48.866771339139071] 0.000000000000000 [2.238866909042382, 48.866886727632888] 0.000000000000000 
[2.245401181913212, 48.874933482575514] 0.000000000000000 [2.245608145365178, 48.875142882454703] 0.000000000000000 [2.246308199823998, 48.876034109840170] 0.000000000000000 
[2.232557584917235, 48.863721706687365] 0.000000000000000 [2.233299184733012, 48.863887731827454] 0.000000000000000 
[2.242629727759682, 48.867438404294887] 0.000000000000000 [2.243759049468346, 48.868644189235958] 0.000000000000000 [2.244500682522507, 48.869505065767349] 0.000000000000000 [2.245181502855475, 48.870379270293078] 0.000000000000000 [2.246253236830754, 48.871815406185270] 0.000000000000000 [2.246947756867260, 48.872627200673534] 0.000000000000000 [2.248013369647340, 48.873760213917457] 0.000000000000000 [2.248465454578603, 48.874187558647733] 0.000000000000000 
[2.234450833269475, 48.865031228308318] 0.000000000000000 [2.234627741073615, 48.865185360965363] 0.000000000000000 
[2.254853377466917, 48.864470093598314] 0.000000000000000 [2.255034095838354, 48.864690015394665] 0.000000000000000 [2.255452710588851, 48.864999710268812] 0.000000000000000 [2.256424697722549, 48.865694612193067] 0.000000000000000 [2.256793590686579, 48.865953997130894] 0.000000000000000 [2.257086433433825, 48.866116629476295] 0.000000000000000 [2.257274831616288, 48.866112381069641] 0.000000000000000 
[2.241561727731108, 48.866333890652243] 0.000000000000000 [2.241629041141653, 48.866388775808687] 0.000000000000000 [2.242485385616705, 48.867259382840835] 0.000000000000000 [2.242629727759682, 48.867438404294887] 0.000000000000000 
[2.254853377466917, 48.864470093598314] 0.000000000000000 [2.254843528580176, 48.864384331877943] 0.000000000000000 [2.254878778999810, 48.864184618502954] 0.000000000000000 [2.254972308599835, 48.863954227561862] 0.000000000000000 [2.255199279152369, 48.863647800044923] 0.000000000000000 [2.255519188375455, 48.863359620747836] 0.000000000000000 [2.256077161934094, 48.863058471567690] 0.000000000000000 
[2.233299184733012, 48.863887731827454] 0.000000000000000 [2.233584418473956, 48.863950039675551] 0.000000000000000 [2.234072853448256, 48.864025083695751] 0.000000000000000 [2.234658226207173, 48.864081543488716] 0.000000000000000 [2.235126654399149, 48.864096880031497] 0.000000000000000 [2.235607130088576, 48.864079716978104] 0.000000000000000 [2.236255613890244, 48.863968023534639] 0.000000000000000 
[2.240466505360930, 48.863891912938946] 0.000000000000000 [2.240485590343464, 48.864066496633718] 0.000000000000000 [2.240708098510146, 48.864224776959603] 0.000000000000000 [2.240909568691399, 48.864394126684459] 0.000000000000000 [2.241194844996061, 48.864688366759040] 0.000000000000000 [2.241350015988755, 48.864885419935263] 0.000000000000000 [2.241496750437642, 48.865090784305465] 0.000000000000000 [2.241563783079891, 48.865212872125880] 0.000000000000000 [2.241618250324336, 48.865312764225152] 0.000000000000000 [2.241685195267705, 48.865473691846439] 0.000000000000000 [2.241806741407238, 48.865665167457571] 0.000000000000000 [2.241957752557395, 48.865845580403601] 0.000000000000000 [2.242134041640118, 48.865987164367276] 0.000000000000000 [2.242247306702901, 48.866062509987316] 0.000000000000000 
[2.248484386356925, 48.868865482675794] 0.000000000000000 [2.248992588663493, 48.869049263202690] 0.000000000000000 [2.249391003418530, 48.869225917310779] 0.000000000000000 [2.250003042213351, 48.869551471638708] 0.000000000000000 [2.250508610850794, 48.869885486254603] 0.000000000000000 [2.250906743766639, 48.870231558366250] 0.000000000000000 [2.251199246948103, 48.870570715065988] 0.000000000000000 [2.251434672205195, 48.870895889727038] 0.000000000000000 [2.251871673555768, 48.871392525737846] 0.000000000000000 [2.252713940435388, 48.872167704378512] 0.000000000000000 [2.253043998531804, 48.872482594737285] 0.000000000000000 [2.253619619658292, 48.873174648795114] 0.000000000000000 [2.254122409602955, 48.873666107758631] 0.000000000000000 
[2.240173252153566, 48.863366181496886] 0.000000000000000 [2.240182720197780, 48.863529660169483] 0.000000000000000 [2.240170568783442, 48.863624460675425] 0.000000000000000 [2.240164553013070, 48.863731676176087] 0.000000000000000 
[2.239410484501726, 48.863449049672560] 0.000000000000000 [2.239462895251089, 48.863628428537673] 0.000000000000000 
[2.251024442645036, 48.867825613828366] 0.000000000000000 [2.251266552090045, 48.867704734890715] 0.000000000000000 [2.251466119499309, 48.867551683078048] 0.000000000000000 [2.251694525190594, 48.867432106154027] 0.000000000000000 [2.251974801684655, 48.867309131463408] 0.000000000000000 [2.252270607601854, 48.867199863933422] 0.000000000000000 [2.252633832483789, 48.867097479426356] 0.000000000000000 [2.252898423938353, 48.867042934393481] 0.000000000000000 [2.253277115260699, 48.866998724675256] 0.000000000000000 [2.253567644549249, 48.866944197891669] 0.000000000000000 [2.253816708500208, 48.866872526547283] 0.000000000000000 [2.254101289197436, 48.866730764635165] 0.000000000000000 [2.254353742677427, 48.866586738771666] 0.000000000000000 
[2.254353742677427, 48.866586738771666] 0.000000000000000 [2.254665638200209, 48.866649301476286] 0.000000000000000 [2.254986518466136, 48.866736329519689] 0.000000000000000 [2.255749385027498, 48.866882699502256] 0.000000000000000 [2.256543804024280, 48.867042972100698] 0.000000000000000 [2.257112041659178, 48.867137110216738] 0.000000000000000 [2.257417206263545, 48.867185928566776] 0.000000000000000 [2.258427358491510, 48.867382793139065] 0.000000000000000 [2.259058652154710, 48.867535993510423] 0.000000000000000 [2.259458421337088, 48.867671668826468] 0.000000000000000 [2.259937009775920, 48.867887260869054] 0.000000000000000 [2.260289334571830, 48.868074986695561] 0.000000000000000 [2.260615448244038, 48.868193252734869] 0.000000000000000 [2.261173163254607, 48.868301248080833] 0.000000000000000 [2.261794049587926, 48.868390199970065] 0.000000000000000 [2.262396231753883, 48.868455539619440] 0.000000000000000 
[2.231566877671395, 48.866318442134784] 0.000000000000000 [2.231806536924978, 48.866247646357699] 0.000000000000000 [2.231902016861251, 48.866217329419563] 0.000000000000000 [2.232229390489820, 48.866106838731270] 0.000000000000000 [2.232398949837262, 48.866046292588770] 0.000000000000000 [2.232631816939805, 48.865955948165386] 0.000000000000000 [2.232858563874516, 48.865859122871555] 0.000000000000000 [2.233065000082166, 48.865762278514460] 0.000000000000000 [2.233443642812300, 48.865575481594973] 0.000000000000000 [2.233758319975173, 48.865411557382870] 0.000000000000000 [2.234223920937986, 48.865151995555365] 0.000000000000000 [2.234450833269475, 48.865031228308318] 0.000000000000000 
[2.255011489725652, 48.874008247491972] 0.000000000000000 [2.255295148389251, 48.873968656986094] 0.000000000000000 
[2.249180944921683, 48.874496543243822] 0.000000000000000 [2.249578544283742, 48.874518483025248] 0.000000000000000 [2.249712306663721, 48.874506625422704] 0.000000000000000 [2.249968997162563, 48.874440993473208] 0.000000000000000 [2.250257164074300, 48.874306410029568] 0.000000000000000 [2.250839761528460, 48.873967912688947] 0.000000000000000 [2.251212349686784, 48.873802284551914] 0.000000000000000 [2.251726414919638, 48.873671184309373] 0.000000000000000 [2.252345054878185, 48.873595654628055] 0.000000000000000 [2.252953545495456, 48.873571822152471] 0.000000000000000 [2.253362515148795, 48.873582552456050] 0.000000000000000 [2.254122409602955, 48.873666107758631] 0.000000000000000 
[2.233000917436919, 48.867472644701365] 0.000000000000000 [2.234265004963838, 48.867957192333456] 0.000000000000000 [2.234527137191097, 48.868068677517236] 0.000000000000000 
[2.234527137191097, 48.868068677517236] 0.000000000000000 [2.234464871366557, 48.868179952040080] 0.000000000000000 [2.234829171861954, 48.868332623826724] 0.000000000000000 [2.234902104584215, 48.868330683392649] 0.000000000000000 [2.235051299361095, 48.868291599586478] 0.000000000000000 
[2.254240261983417, 48.868866394439564] 0.000000000000000 [2.255833398657638, 48.868943613172043] 0.000000000000000 [2.256253300711832, 48.869006229622052] 0.000000000000000 [2.257154278149372, 48.869214324381161] 0.000000000000000 [2.257897938424223, 48.869353157425145] 0.000000000000000 [2.258506087569319, 48.869415706203505] 0.000000000000000 [2.259082857835505, 48.869409265455964] 0.000000000000000 [2.259596745580085, 48.869340459646509] 0.000000000000000 [2.261657917992621, 48.868674300606919] 0.000000000000000 
[2.248791970040713, 48.874524382061217] 0.000000000000000 [2.248950535319721, 48.874524855418571] 0.000000000000000 [2.249180944921683, 48.874496543243822] 0.000000000000000 
[2.254122409602955, 48.873666107758631] 0.000000000000000 [2.254844858008254, 48.873880988785771] 0.000000000000000 [2.254919476094158, 48.873911536417836] 0.000000000000000 
[2.242247306702901, 48.866062509987316] 0.000000000000000 [2.242411244670593, 48.866127464946302] 0.000000000000000 [2.242520476220430, 48.866166377092789] 0.000000000000000 [2.242621360990771, 48.866172008766597] 0.000000000000000 [2.242835765734514, 48.866169415397266] 0.000000000000000 [2.242991290699557, 48.866186180177252] 0.000000000000000 [2.243163604942306, 48.866211294407186] 0.000000000000000 [2.243293908695401, 48.866222488783805] 0.000000000000000 [2.243470488123666, 48.866219854775267] 0.000000000000000 [2.243781637932794, 48.866192374506888] 0.000000000000000 [2.243962420599073, 48.866186972936639] 0.000000000000000 [2.244105332408820, 48.866198185816494] 0.000000000000000 [2.244227158977616, 48.866245433811230] 0.000000000000000 [2.244869641975397, 48.866648117979160] 0.000000000000000 [2.245394479471762, 48.867009103845056] 0.000000000000000 [2.247166448503465, 48.868204513515792] 0.000000000000000 [2.247653550174880, 48.868533561841168] 0.000000000000000 [2.247758568895613, 48.868578023064153] 0.000000000000000 [2.248002349138244, 48.868619813548335] 0.000000000000000 [2.248182960974759, 48.868714260429606] 0.000000000000000 [2.248484386356925, 48.868865482675794] 0.000000000000000 
[2.234496888197344, 48.865872606006057] 0.000000000000000 [2.234412900487714, 48.866048663547701] 0.000000000000000 [2.234289916372794, 48.866197554714880] 0.000000000000000 [2.234138086984585, 48.866326824295214] 0.000000000000000 [2.233837761000687, 48.866541571196436] 0.000000000000000 [2.233609874692064, 48.866720860959099] 0.000000000000000 [2.233390536696744, 48.866930734524779] 0.000000000000000 [2.233197401589551, 48.867177230883513] 0.000000000000000 [2.233000917436919, 48.867472644701365] 0.000000000000000 
[2.238926318617269, 48.863516738467808] 0.000000000000000 [2.239083893442765, 48.863490623027353] 0.000000000000000 [2.239410484501726, 48.863449049672560] 0.000000000000000 
[2.229572870723788, 48.862774928903640] 0.000000000000000 [2.230119077345040, 48.863758044717656] 0.000000000000000 [2.230624674917689, 48.864753565223580] 0.000000000000000 [2.231182199507710, 48.865754797901261] 0.000000000000000 [2.231566877671395, 48.866318442134784] 0.000000000000000 
[2.245240358194305, 48.874241522560673] 0.000000000000000 [2.245628772335441, 48.874282048457822] 0.000000000000000 [2.246189531565276, 48.874265218923476] 0.000000000000000 [2.246955587457030, 48.874182731018784] 0.000000000000000 [2.247411495639523, 48.874172746562067] 0.000000000000000 [2.248121051982606, 48.874274197441167] 0.000000000000000 [2.248284377794139, 48.874303937569067] 0.000000000000000 
[2.248484386356925, 48.868865482675794] 0.000000000000000 [2.248386678681395, 48.868687448627817] 0.000000000000000 [2.248761746814647, 48.868082543759449] 0.000000000000000 [2.249287531586952, 48.867072609585286] 0.000000000000000 
[2.238866909042382, 48.866886727632888] 0.000000000000000 [2.238895481516195, 48.867045474485685] 0.000000000000000 [2.238969475553937, 48.867201697851208] 0.000000000000000 [2.238976692730072, 48.867337449966939] 0.000000000000000 [2.238961928455777, 48.867497418597409] 0.000000000000000 [2.238912916317787, 48.867750073560956] 0.000000000000000 [2.238822959989899, 48.868014293663670] 0.000000000000000 [2.238692039243959, 48.868251679895003] 0.000000000000000 [2.238524589006875, 48.868486157965854] 0.000000000000000 
[2.234527137191097, 48.868068677517236] 0.000000000000000 [2.235051299361095, 48.868291599586478] 0.000000000000000 
[2.248661170006924, 48.874372546378069] 0.000000000000000 [2.248952917805555, 48.874426764193409] 0.000000000000000 [2.249180944921683, 48.874496543243822] 0.000000000000000 
[2.245401181913212, 48.874933482575514] 0.000000000000000 [2.245484471215234, 48.875198027074504] 0.000000000000000 [2.245629726701752, 48.875439625717981] 0.000000000000000 [2.246140335631693, 48.876083158099725] 0.000000000000000 
[2.232557584917235, 48.863721706687365] 0.000000000000000 [2.233107735162795, 48.864050839352537] 0.000000000000000 
[2.249851003116150, 48.863429566860617] 0.000000000000000 [2.249720853226590, 48.863574476333028] 0.000000000000000 [2.249522423784297, 48.863862516253974] 0.000000000000000 [2.249378555478553, 48.864173114778701] 0.000000000000000 [2.249268817412640, 48.864474729446883] 0.000000000000000 [2.249179344045864, 48.864893444766452] 0.000000000000000 [2.249117849352196, 48.864936166837545] 0.000000000000000 
[2.239462895251089, 48.863628428537673] 0.000000000000000 [2.239933232469632, 48.863781516501007] 0.000000000000000 
[2.238524589006875, 48.868486157965854] 0.000000000000000 [2.238353917020355, 48.868626388254476] 0.000000000000000 [2.238185824613971, 48.868771476822488] 0.000000000000000 [2.238112424040438, 48.868823454476392] 0.000000000000000 
[2.253264089346759, 48.863213373020429] 0.000000000000000 [2.253397827695399, 48.863399990017605] 0.000000000000000 [2.253649673781746, 48.863528769325363] 0.000000000000000 [2.253860483661845, 48.863655577174079] 0.000000000000000 [2.254235244043590, 48.863893706898764] 0.000000000000000 [2.254516289356850, 48.864096948466511] 0.000000000000000 [2.254608485510864, 48.864170494578339] 0.000000000000000 [2.254688970724897, 48.864245975042358] 0.000000000000000 [2.254747437954710, 48.864333030636352] 0.000000000000000 [2.254794195903928, 48.864420087031618] 0.000000000000000 [2.254853377466917, 48.864470093598314] 0.000000000000000 
[2.234450833269475, 48.865031228308318] 0.000000000000000 [2.234720359029077, 48.864887783340244] 0.000000000000000 [2.235085362411843, 48.864698721096843] 0.000000000000000 [2.235277206208247, 48.864594484931338] 0.000000000000000 [2.235659261173063, 48.864397253088093] 0.000000000000000 
[2.254122409602955, 48.873666107758631] 0.000000000000000 [2.254808127188014, 48.873801097774880] 0.000000000000000 [2.254977060178149, 48.873821874703538] 0.000000000000000 
[2.248284377794139, 48.874303937569067] 0.000000000000000 [2.248426491270079, 48.874287608330235] 0.000000000000000 [2.248465454578603, 48.874187558647733] 0.000000000000000 
[2.238926318617269, 48.863516738467808] 0.000000000000000 [2.239028917204898, 48.863569469954584] 0.000000000000000 [2.239462895251089, 48.863628428537673] 0.000000000000000 
[2.238866909042382, 48.866886727632888] 0.000000000000000 [2.239551740373904, 48.866953229792486] 0.000000000000000 [2.240137517436654, 48.866935264089726] 0.000000000000000 
[2.245401181913212, 48.874933482575514] 0.000000000000000 [2.245551280684692, 48.875172342821124] 0.000000000000000 [2.246252004623046, 48.876063246473059] 0.000000000000000 
[2.229572870723788, 48.862774928903640] 0.000000000000000 [2.229569536252691, 48.862646274852644] 0.000000000000000 [2.229436883741564, 48.862371753975502] 0.000000000000000 [2.229412910880423, 48.862143854900836] 0.000000000000000 
[2.241561727731108, 48.866333890652243] 0.000000000000000 [2.241647068856487, 48.866256974520603] 0.000000000000000 [2.241815224696075, 48.866140208249263] 0.000000000000000 [2.242022254299724, 48.866080758284504] 0.000000000000000 [2.242247306702901, 48.866062509987316] 0.000000000000000 
[2.238926318617269, 48.863516738467808] 0.000000000000000 [2.239014237813848, 48.863437974251269] 0.000000000000000 [2.239069371185750, 48.863244398219159] 0.000000000000000 
[2.248123979876591, 48.863462924509463] 0.000000000000000 [2.249851003116150, 48.863429566860617] 0.000000000000000 
[2.233107735162795, 48.864050839352537] 0.000000000000000 [2.233579525396264, 48.864362965258067] 0.000000000000000 [2.234301186349364, 48.864904413253129] 0.000000000000000 [2.234450833269475, 48.865031228308318] 0.000000000000000 
[2.239462895251089, 48.863628428537673] 0.000000000000000 [2.239659944771146, 48.863984979579982] 0.000000000000000 
[2.242247306702901, 48.866062509987316] 0.000000000000000 [2.242395538161934, 48.866050492290590] 0.000000000000000 [2.243964051526769, 48.865963198672780] 0.000000000000000 [2.244326561945690, 48.865956387522118] 0.000000000000000 
[2.248661170006924, 48.874372546378069] 0.000000000000000 [2.248791970040713, 48.874524382061217] 0.000000000000000 
[2.255295148389251, 48.873968656986094] 0.000000000000000 [2.255383843920970, 48.874143405016021] 0.000000000000000 
[2.234496888197344, 48.865872606006057] 0.000000000000000 [2.234548372116355, 48.865905430807949] 0.000000000000000 [2.235322220316868, 48.866092433192875] 0.000000000000000 [2.235931609935354, 48.866208556571650] 0.000000000000000 [2.236067546437775, 48.866224207021695] 0.000000000000000 [2.236280451314229, 48.866229124534698] 0.000000000000000 [2.236475974718092, 48.866234926370971] 0.000000000000000 
[2.237217866344687, 48.869237541428902] 0.000000000000000 [2.238224803032104, 48.869737153717978] 0.000000000000000 [2.239028282780244, 48.870142518556250] 0.000000000000000 
[2.235051299361095, 48.868291599586478] 0.000000000000000 [2.235971689561321, 48.868683033871996] 0.000000000000000 [2.237217866344687, 48.869237541428902] 0.000000000000000 
[2.249468992192351, 48.875260482968962] 0.000000000000000 [2.249504628370599, 48.875377713149263] 0.000000000000000 [2.249589309975165, 48.875374792338363] 0.000000000000000 
[2.255383843920970, 48.874143405016021] 0.000000000000000 [2.255310312713163, 48.874231805733956] 0.000000000000000 
[2.235659261173063, 48.864397253088093] 0.000000000000000 [2.235824862247815, 48.864239755797335] 0.000000000000000 [2.235829059323184, 48.864159841463760] 0.000000000000000 [2.235913950962357, 48.864111957609438] 0.000000000000000 [2.236255613890244, 48.863968023534639] 0.000000000000000 
[2.239659944771146, 48.863984979579982] 0.000000000000000 [2.239778919273502, 48.863861151109290] 0.000000000000000 [2.239933232469632, 48.863781516501007] 0.000000000000000 
[2.248791970040713, 48.874524382061217] 0.000000000000000 [2.249468992192351, 48.875260482968962] 0.000000000000000 
[2.244766695200209, 48.874165521512012] 0.000000000000000 [2.245025802482916, 48.874432563374910] 0.000000000000000 
[2.238112424040438, 48.868823454476392] 0.000000000000000 [2.237944342014131, 48.868942490303148] 0.000000000000000 [2.237687669284557, 48.869073652449060] 0.000000000000000 
[2.240466505360930, 48.863891912938946] 0.000000000000000 [2.240902980561214, 48.863846020728310] 0.000000000000000 [2.242894862011763, 48.863723394867669] 0.000000000000000 [2.243032749761869, 48.863706422061007] 0.000000000000000 
[2.251024442645036, 48.867825613828366] 0.000000000000000 [2.251313889449071, 48.867810471071650] 0.000000000000000 [2.252362025049162, 48.868188946312245] 0.000000000000000 [2.254240261983417, 48.868866394439564] 0.000000000000000 
[2.240137517436654, 48.866935264089726] 0.000000000000000 [2.240192552880308, 48.866994735228751] 0.000000000000000 [2.240355031840372, 48.867010384692989] 0.000000000000000 [2.240688068237912, 48.867044693983075] 0.000000000000000 [2.241326793574522, 48.867116290457233] 0.000000000000000 [2.242292121282318, 48.867318027657028] 0.000000000000000 [2.242629727759682, 48.867438404294887] 0.000000000000000 
[2.252330476916355, 48.869874239379477] 0.000000000000000 [2.252580910140586, 48.869961536738465] 0.000000000000000 [2.253067040469344, 48.870105040887339] 0.000000000000000 [2.253332531584429, 48.870189156073195] 0.000000000000000 [2.253623992452654, 48.870256858480218] 0.000000000000000 [2.254140367058887, 48.870357574952187] 0.000000000000000 [2.254725700441923, 48.870430612987221] 0.000000000000000 [2.255507496689513, 48.870497726760377] 0.000000000000000 [2.255721601579843, 48.870523212120617] 0.000000000000000 [2.256238775465616, 48.870614718703557] 0.000000000000000 [2.256675799933103, 48.870720403599144] 0.000000000000000 [2.257390093636949, 48.870942753231397] 0.000000000000000 [2.257708745709196, 48.871045761737591] 0.000000000000000 [2.258188469013197, 48.871170705458262] 0.000000000000000 [2.258529901864183, 48.871240049101566] 0.000000000000000 
[2.249851003116150, 48.863429566860617] 0.000000000000000 [2.250198580375803, 48.863424309128774] 0.000000000000000 [2.252246010611768, 48.863234476315348] 0.000000000000000 [2.253264089346759, 48.863213373020429] 0.000000000000000 
[2.255896478505379, 48.874148670263558] 0.000000000000000 [2.256558129858174, 48.874386194186904] 0.000000000000000 [2.257522781341018, 48.874821658742903] 0.000000000000000 [2.258186307140339, 48.874987655595461] 0.000000000000000 
[2.249117849352196, 48.864936166837545] 0.000000000000000 [2.251024442645036, 48.867825613828366] 0.000000000000000 
[2.238524589006875, 48.868486157965854] 0.000000000000000 [2.238447986791010, 48.868654607758927] 0.000000000000000 [2.238389898895068, 48.868835626831469] 0.000000000000000 [2.238275386542808, 48.868873603560843] 0.000000000000000 [2.238186326633786, 48.868841458663098] 0.000000000000000 [2.238112424040438, 48.868823454476392] 0.000000000000000 
[2.254353742677427, 48.866586738771666] 0.000000000000000 [2.255178428534253, 48.866099257672367] 0.000000000000000 
[2.249117849352196, 48.864936166837545] 0.000000000000000 [2.250584133142258, 48.865269655607719] 0.000000000000000 [2.251352118990067, 48.865478540827787] 0.000000000000000 [2.251946452766286, 48.865680358684067] 0.000000000000000 [2.252425047042023, 48.865861261047286] 0.000000000000000 [2.252877312193485, 48.866049075002337] 0.000000000000000 [2.253345327196283, 48.866268157937299] 0.000000000000000 [2.253639859329652, 48.866376006282685] 0.000000000000000 [2.254060674768315, 48.866497830928211] 0.000000000000000 [2.254353742677427, 48.866586738771666] 0.000000000000000 
[2.231566877671395, 48.866318442134784] 0.000000000000000 [2.231751345935113, 48.866562783316674] 0.000000000000000 [2.231921309956728, 48.866763299024107] 0.000000000000000 [2.232116776018821, 48.866958891312969] 0.000000000000000 [2.232343084234078, 48.867137433234404] 0.000000000000000 [2.232645992477680, 48.867320883454610] 0.000000000000000 [2.233000917436919, 48.867472644701365] 0.000000000000000 
[2.253264089346759, 48.863213373020429] 0.000000000000000 [2.253079620671082, 48.863083913469083] 0.000000000000000 [2.252543172818512, 48.862705147794252] 0.000000000000000 [2.252127514010355, 48.862393511445632] 0.000000000000000 [2.251773377012811, 48.862103187129890] 0.000000000000000 [2.251597791568601, 48.861948353137528] 0.000000000000000 [2.251220031688664, 48.861686660527063] 0.000000000000000 [2.251207290408060, 48.861677406462796] 0.000000000000000 
[2.255295148389251, 48.873968656986094] 0.000000000000000 [2.255896478505379, 48.874148670263558] 0.000000000000000 
[2.253264089346759, 48.863213373020429] 0.000000000000000 [2.254313610489403, 48.863209009627205] 0.000000000000000 [2.255482493176966, 48.863145198371114] 0.000000000000000 [2.256077161934094, 48.863058471567690] 0.000000000000000 
[2.240466505360930, 48.863891912938946] 0.000000000000000 [2.242667309124892, 48.864699192744474] 0.000000000000000 [2.246086320176267, 48.865923266136704] 0.000000000000000 [2.249287531586952, 48.867072609585286] 0.000000000000000 
[2.254919476094158, 48.873911536417836] 0.000000000000000 [2.255011489725652, 48.874008247491972] 0.000000000000000 
[2.248484386356925, 48.868865482675794] 0.000000000000000 [2.248751079289609, 48.868793863333806] 0.000000000000000 [2.249051121704994, 48.868710280814192] 0.000000000000000 [2.249971878766202, 48.868352352746726] 0.000000000000000 [2.250332574721720, 48.868191745248104] 0.000000000000000 [2.250876659549130, 48.867924081759895] 0.000000000000000 [2.251024442645036, 48.867825613828366] 0.000000000000000 
[2.230595556983290, 48.866590312248704] 0.000000000000000 [2.229594916904249, 48.866857200285487] 0.000000000000000 
[2.239933232469632, 48.863781516501007] 0.000000000000000 [2.240070394404966, 48.863816623339865] 0.000000000000000 [2.240265854114652, 48.863885268388515] 0.000000000000000 [2.240466505360930, 48.863891912938946] 0.000000000000000 
[2.254240261983417, 48.868866394439564] 0.000000000000000 [2.259223450655030, 48.870659571454198] 0.000000000000000 
[2.248465454578603, 48.874187558647733] 0.000000000000000 [2.248661170006924, 48.874372546378069] 0.000000000000000 
[2.252330476916355, 48.869874239379477] 0.000000000000000 [2.254977060178149, 48.873821874703538] 0.000000000000000 
[2.240173252153566, 48.863366181496886] 0.000000000000000 [2.239946962424311, 48.863143625923399] 0.000000000000000 [2.239894664850098, 48.863115326462413] 0.000000000000000 [2.239699790404186, 48.862992705925542] 0.000000000000000 [2.239550437323556, 48.862879377782498] 0.000000000000000 [2.239305502496255, 48.862652515880349] 0.000000000000000 [2.239120212216188, 48.862467843795031] 0.000000000000000 [2.238913801195996, 48.862198882328656] 0.000000000000000 [2.238797442387743, 48.862040536938366] 0.000000000000000 [2.238756300393048, 48.861933712072180] 0.000000000000000 
[2.237333417564166, 48.863482899047014] 0.000000000000000 [2.237422199057449, 48.863389901053814] 0.000000000000000 [2.237450329094029, 48.863357641373852] 0.000000000000000 [2.237586929217933, 48.863207499673607] 0.000000000000000 [2.237692012303792, 48.863080433323830] 0.000000000000000 [2.237882480722519, 48.862839853208143] 0.000000000000000 [2.237925121584969, 48.862781706962679] 0.000000000000000 [2.237940580314863, 48.862753213017626] 0.000000000000000 [2.237985031865506, 48.862675733989128] 0.000000000000000 [2.238036294184962, 48.862599969310452] 0.000000000000000 [2.238093414592084, 48.862526188111644] 0.000000000000000 [2.238103563941650, 48.862514838974690] 0.000000000000000 
[2.244766695200209, 48.874165521512012] 0.000000000000000 [2.245194368845559, 48.874236737637709] 0.000000000000000 [2.245240358194305, 48.874241522560673] 0.000000000000000 
[2.248484386356925, 48.868865482675794] 0.000000000000000 [2.249008417123415, 48.869039841983572] 0.000000000000000 [2.249112994711288, 48.869050273153626] 0.000000000000000 [2.249191456778658, 48.869043444643125] 0.000000000000000 [2.249290799630823, 48.869053862606179] 0.000000000000000 [2.249641421586758, 48.869106827803954] 0.000000000000000 [2.250252785016680, 48.869234000485896] 0.000000000000000 [2.250853966775254, 48.869386261133229] 0.000000000000000 [2.251303518166528, 48.869510806555738] 0.000000000000000 [2.252112088672250, 48.869757603449202] 0.000000000000000 [2.252330476916355, 48.869874239379477] 0.000000000000000 
[2.256077161934094, 48.863058471567690] 0.000000000000000 [2.256291886577900, 48.863027057893774] 0.000000000000000 [2.257068263323105, 48.862849635519069] 0.000000000000000 [2.258029616741971, 48.862572155979031] 0.000000000000000 
[2.239069371185750, 48.863244398219159] 0.000000000000000 [2.239343195244416, 48.863385647224568] 0.000000000000000 [2.239410484501726, 48.863449049672560] 0.000000000000000 
[2.235659261173063, 48.864397253088093] 0.000000000000000 [2.236052334513834, 48.864209021855345] 0.000000000000000 [2.236462566933307, 48.864026559344687] 0.000000000000000 
[2.245401181913212, 48.874933482575514] 0.000000000000000 [2.245593172561929, 48.875003446876988] 0.000000000000000 [2.246378875760592, 48.875997466669304] 0.000000000000000 
[2.239410484501726, 48.863449049672560] 0.000000000000000 [2.239771863851204, 48.863384465127275] 0.000000000000000 [2.240173252153566, 48.863366181496886] 0.000000000000000 
[2.248284377794139, 48.874303937569067] 0.000000000000000 [2.248387035027212, 48.874364834860870] 0.000000000000000 [2.248661170006924, 48.874372546378069] 0.000000000000000 
[2.234627741073615, 48.865185360965363] 0.000000000000000 [2.234565450235703, 48.865648163313899] 0.000000000000000 [2.234496888197344, 48.865872606006057] 0.000000000000000 
[2.230595556983290, 48.866590312248704] 0.000000000000000 [2.231491874405379, 48.866340603627968] 0.000000000000000 [2.231566877671395, 48.866318442134784] 0.000000000000000 
[2.249287531586952, 48.867072609585286] 0.000000000000000 [2.249319146808846, 48.866899631144584] 0.000000000000000 [2.249346878968239, 48.866656487747733] 0.000000000000000 [2.249347267982535, 48.866435841907588] 0.000000000000000 [2.249313492333435, 48.866233181961064] 0.000000000000000 [2.249245591629547, 48.866035001638537] 0.000000000000000 [2.249205148266993, 48.865742273513085] 0.000000000000000 [2.249198986963107, 48.865364015010726] 0.000000000000000 [2.249205990020100, 48.865264956373792] 0.000000000000000 [2.249117849352196, 48.864936166837545] 0.000000000000000 
[2.233107735162795, 48.864050839352537] 0.000000000000000 [2.233175889538924, 48.863957592708950] 0.000000000000000 [2.233299184733012, 48.863887731827454] 0.000000000000000 
[2.239028282780244, 48.870142518556250] 0.000000000000000 [2.240482716282326, 48.870965063184741] 0.000000000000000 [2.241514158339028, 48.871588317070881] 0.000000000000000 [2.242503831639564, 48.872253073827267] 0.000000000000000 [2.243521397415911, 48.873033672370852] 0.000000000000000 [2.244217315881175, 48.873635952577366] 0.000000000000000 [2.244766695200209, 48.874165521512012] 0.000000000000000 
[2.239659944771146, 48.863984979579982] 0.000000000000000 [2.240495136642645, 48.865054396410443] 0.000000000000000 [2.241561727731108, 48.866333890652243] 0.000000000000000 
[2.239410484501726, 48.863449049672560] 0.000000000000000 [2.240122483346432, 48.863713960647679] 0.000000000000000 [2.240164553013070, 48.863731676176087] 0.000000000000000 
[2.243032749761869, 48.863706422061007] 0.000000000000000 [2.243267920945621, 48.863831659835775] 0.000000000000000 [2.244217827841887, 48.864173528710708] 0.000000000000000 [2.244715386877663, 48.864381043011633] 0.000000000000000 [2.245056073439998, 48.864538438431886] 0.000000000000000 [2.245352782611692, 48.864610942395849] 0.000000000000000 [2.245846920091867, 48.864674043282292] 0.000000000000000 [2.246560414339022, 48.864707459532667] 0.000000000000000 [2.247719464978683, 48.864625347544354] 0.000000000000000 [2.248000258642551, 48.864637175999967] 0.000000000000000 [2.248449375544135, 48.864701795428118] 0.000000000000000 [2.248882120111169, 48.864837829810917] 0.000000000000000 [2.249117849352196, 48.864936166837545] 0.000000000000000 
[2.254977060178149, 48.873821874703538] 0.000000000000000 [2.254919476094158, 48.873911536417836] 0.000000000000000 
[2.255011489725652, 48.874008247491972] 0.000000000000000 [2.254957765657791, 48.874121616630006] 0.000000000000000 
[2.249468992192351, 48.875260482968962] 0.000000000000000 [2.249589309975165, 48.875374792338363] 0.000000000000000 
[2.249287531586952, 48.867072609585286] 0.000000000000000 [2.250654005500250, 48.867561955041324] 0.000000000000000 [2.250824567527490, 48.867643872772504] 0.000000000000000 [2.251024442645036, 48.867825613828366] 0.000000000000000 
[2.236255613890244, 48.863968023534639] 0.000000000000000 [2.236551868154089, 48.863873059300815] 0.000000000000000 [2.236880983174736, 48.863751711680834] 0.000000000000000 [2.237030611354205, 48.863679522766411] 0.000000000000000 [2.237333417564166, 48.863482899047014] 0.000000000000000 
[2.243032749761869, 48.863706422061007] 0.000000000000000 [2.243286820435500, 48.863675155520561] 0.000000000000000 [2.244407197686710, 48.863622110556790] 0.000000000000000 [2.245305946985084, 48.863628229370207] 0.000000000000000 [2.246066689381232, 48.863612649317396] 0.000000000000000 [2.248123979876591, 48.863462924509463] 0.000000000000000 
[2.255178428534253, 48.866099257672367] 0.000000000000000 [2.255172713636402, 48.866001654870814] 0.000000000000000 [2.255266131985297, 48.865840400269562] 0.000000000000000 [2.255313099253864, 48.865602287394204] 0.000000000000000 [2.255301849555297, 48.865364133291600] 0.000000000000000 [2.255243910437391, 48.865195081857671] 0.000000000000000 [2.255180050112636, 48.865079802770310] 0.000000000000000 [2.255098723503828, 48.864968360391934] 0.000000000000000 [2.254994165751163, 48.864826163812900] 0.000000000000000 [2.254860742445620, 48.864534145616723] 0.000000000000000 [2.254853377466917, 48.864470093598314] 0.000000000000000 
