[2.256521199959740, 48.836202775917513] 0.000000000000000 [2.257081829052473, 48.835820194427015] 0.000000000000000 
[2.255068298874416, 48.834905213668677] 0.000000000000000 [2.255236079395302, 48.835041412581560] 0.000000000000000 
[2.255518892040665, 48.834850554260370] 0.000000000000000 [2.255342347572884, 48.834783854597674] 0.000000000000000 
[2.254193897429819, 48.835928400478615] 0.000000000000000 [2.254296953485729, 48.835968996968099] 0.000000000000000 
[2.255236079395302, 48.835041412581560] 0.000000000000000 [2.255274480240316, 48.835182680487620] 0.000000000000000 [2.255344423480367, 48.835303530095224] 0.000000000000000 [2.255799560123434, 48.835897888046269] 0.000000000000000 
[2.256090574216228, 48.836102149092575] 0.000000000000000 [2.256332070604826, 48.836181428952777] 0.000000000000000 [2.256521199959740, 48.836202775917513] 0.000000000000000 
[2.254296953485729, 48.835968996968099] 0.000000000000000 [2.253644770611996, 48.836766639649703] 0.000000000000000 
[2.255799560123434, 48.835897888046269] 0.000000000000000 [2.255947499814846, 48.835974701481476] 0.000000000000000 [2.256090574216228, 48.836102149092575] 0.000000000000000 
[2.255518892040665, 48.834850554260370] 0.000000000000000 [2.255236079395302, 48.835041412581560] 0.000000000000000 
[2.255236079395302, 48.835041412581560] 0.000000000000000 [2.255025686364995, 48.835154777580890] 0.000000000000000 [2.254296953485729, 48.835968996968099] 0.000000000000000 
[2.256090574216228, 48.836102149092575] 0.000000000000000 [2.256330164202335, 48.836315527733177] 0.000000000000000 
[2.255342347572884, 48.834783854597674] 0.000000000000000 [2.255068298874416, 48.834905213668677] 0.000000000000000 
[2.255799560123434, 48.835897888046269] 0.000000000000000 [2.255806990431570, 48.836011652467327] 0.000000000000000 [2.255951850491406, 48.836490349626544] 0.000000000000000 
