[2.411405858789898, 48.849064098185458] 0.000000000000000 [2.411313120014805, 48.849192673738997] 0.000000000000000 [2.411285121051737, 48.849787383341891] 0.000000000000000 
[2.437902295161962, 48.840467648750739] 0.000000000000000 [2.438338277117761, 48.842550524506450] 0.000000000000000 
[2.412913386333578, 48.836659300291842] 0.000000000000000 [2.413110431355117, 48.837198284266059] 0.000000000000000 
[2.413110431355117, 48.837198284266059] 0.000000000000000 [2.413350758901292, 48.837903514528527] 0.000000000000000 
[2.410510740862571, 48.844929947975849] 0.000000000000000 [2.410581990056782, 48.845393144990730] 0.000000000000000 [2.410676561745550, 48.845457760080222] 0.000000000000000 
[2.414138701229536, 48.847077019365415] 0.000000000000000 [2.414306538844242, 48.846926204750481] 0.000000000000000 [2.414397608126084, 48.846870845662458] 0.000000000000000 
[2.411097904867479, 48.846847558433183] 0.000000000000000 [2.411314400155729, 48.846865169310284] 0.000000000000000 [2.411417454430387, 48.846941324585970] 0.000000000000000 
[2.421116341188637, 48.838817973575651] 0.000000000000000 [2.421107045318669, 48.838847522010724] 0.000000000000000 [2.421094619940811, 48.838887000414992] 0.000000000000000 [2.421082952865202, 48.838924076700344] 0.000000000000000 [2.421071516042858, 48.838960415723797] 0.000000000000000 [2.421055458268281, 48.839011426112293] 0.000000000000000 [2.421043791136966, 48.839048502389680] 0.000000000000000 [2.421026595865603, 48.839103173053253] 0.000000000000000 [2.421016704055803, 48.839134600948640] 0.000000000000000 [2.421009915080226, 48.839156170695944] 0.000000000000000 [2.421001865146182, 48.839181725695020] 0.000000000000000 [2.420986580561511, 48.839230333122345] 0.000000000000000 [2.420975902125656, 48.839264252924863] 0.000000000000000 [2.420965360334148, 48.839297767775925] 0.000000000000000 [2.420955197558799, 48.839330032552105] 0.000000000000000 [2.420946660039531, 48.839357160860452] 0.000000000000000 [2.420933488255573, 48.839399049497501] 0.000000000000000 [2.420920927118417, 48.839438950806382] 0.000000000000000 [2.420911143682985, 48.839470055439648] 0.000000000000000 [2.420898716546100, 48.839509542788072] 0.000000000000000 [2.420889556136033, 48.839538649360392] 0.000000000000000 [2.420879758939284, 48.839569762915445] 0.000000000000000 [2.420870598398233, 48.839598879377114] 0.000000000000000 [2.420862834718346, 48.839623551673519] 0.000000000000000 [2.420418036096387, 48.840499243224286] 0.000000000000000 [2.420229479793258, 48.840725701618595] 0.000000000000000 [2.420095966350466, 48.840848406793981] 0.000000000000000 
[2.414615243210775, 48.846631930821822] 0.000000000000000 [2.414634190359545, 48.846732924710004] 0.000000000000000 
[2.412250458602598, 48.838206405060156] 0.000000000000000 [2.412565924606692, 48.838014370905668] 0.000000000000000 [2.412757561220288, 48.837987256306754] 0.000000000000000 
[2.415126948568146, 48.849278237723567] 0.000000000000000 [2.416200796769395, 48.849258439879875] 0.000000000000000 
[2.410905820647316, 48.846156077910088] 0.000000000000000 [2.410975258563977, 48.846396238015110] 0.000000000000000 
[2.409600097000055, 48.846524813351124] 0.000000000000000 [2.410975258563977, 48.846396238015110] 0.000000000000000 
[2.416214735249545, 48.848350206654722] 0.000000000000000 [2.416268837296591, 48.848603261401379] 0.000000000000000 [2.416297120995631, 48.848736793063196] 0.000000000000000 [2.416200796769395, 48.849258439879875] 0.000000000000000 
[2.410226000152284, 48.840750535293054] 0.000000000000000 [2.410228008475994, 48.840911765138848] 0.000000000000000 [2.410236758983784, 48.841118592401273] 0.000000000000000 
[2.413069138767524, 48.849112196816542] 0.000000000000000 [2.414426975214051, 48.849281234386154] 0.000000000000000 
[2.409729730830540, 48.842554790056894] 0.000000000000000 [2.410845749225835, 48.842402993002935] 0.000000000000000 
[2.438645680376709, 48.840402292866621] 0.000000000000000 [2.438694555707158, 48.840619280648156] 0.000000000000000 
[2.410305305517802, 48.844274734317565] 0.000000000000000 [2.408904577503989, 48.844397030311583] 0.000000000000000 [2.408793549502661, 48.844406903417827] 0.000000000000000 [2.406088331949511, 48.844641374725327] 0.000000000000000 
[2.412123471833683, 48.847868075517653] 0.000000000000000 [2.412819290001183, 48.847806606896661] 0.000000000000000 
[2.411537990082251, 48.842305329520201] 0.000000000000000 [2.411513364976153, 48.842419463645363] 0.000000000000000 [2.411610160839885, 48.843915793945790] 0.000000000000000 [2.411736535622279, 48.844146014728871] 0.000000000000000 
[2.414366024283147, 48.843996855398977] 0.000000000000000 [2.414685720846492, 48.843965720302833] 0.000000000000000 
[2.415802730117986, 48.846304407781005] 0.000000000000000 [2.415856637062583, 48.846583011083922] 0.000000000000000 
[2.414667406679657, 48.845133531757490] 0.000000000000000 [2.414970614161189, 48.845165149548095] 0.000000000000000 
[2.414880847374767, 48.846233406189342] 0.000000000000000 [2.414946894706986, 48.846427892503662] 0.000000000000000 
[2.430649405004734, 48.838262072819887] 0.000000000000000 [2.430706303577491, 48.838056721343726] 0.000000000000000 [2.430738370955807, 48.837694727112812] 0.000000000000000 [2.430735444138834, 48.837276602656665] 0.000000000000000 [2.430657864968411, 48.836423864775114] 0.000000000000000 [2.430543229738726, 48.835663351938273] 0.000000000000000 
[2.414641807513933, 48.846758656510694] 0.000000000000000 [2.414735428100204, 48.846723952506352] 0.000000000000000 
[2.412957620299955, 48.837963399749640] 0.000000000000000 [2.413101188540352, 48.837941963783834] 0.000000000000000 [2.413245342157499, 48.837920437883099] 0.000000000000000 [2.413350758901292, 48.837903514528527] 0.000000000000000 
[2.411232018433836, 48.847896682862945] 0.000000000000000 [2.411372885420568, 48.848791881958014] 0.000000000000000 
[2.411405858789898, 48.849064098185458] 0.000000000000000 [2.412327303133229, 48.849093796979950] 0.000000000000000 
[2.415591579648438, 48.845296735601735] 0.000000000000000 [2.415730580336463, 48.845303987012372] 0.000000000000000 
[2.410226000152284, 48.840750535293054] 0.000000000000000 [2.410567492951779, 48.840803632981782] 0.000000000000000 [2.411275422695535, 48.841008746312639] 0.000000000000000 [2.411457744078374, 48.841031028400330] 0.000000000000000 
[2.432946650869446, 48.840895135629459] 0.000000000000000 [2.432729214732971, 48.840754051480701] 0.000000000000000 [2.432417238210872, 48.840546301419486] 0.000000000000000 [2.432182046283756, 48.840451355333947] 0.000000000000000 [2.431973244645969, 48.840406485292149] 0.000000000000000 [2.431752764488682, 48.840381570106302] 0.000000000000000 [2.431206870738953, 48.840387059125689] 0.000000000000000 [2.430589634503806, 48.840417424963874] 0.000000000000000 [2.428509667952460, 48.840551310760866] 0.000000000000000 [2.427995013199137, 48.840542478997129] 0.000000000000000 
[2.413805531765158, 48.843945428175488] 0.000000000000000 [2.413718709595796, 48.843464483041124] 0.000000000000000 [2.413591718301716, 48.841688329279961] 0.000000000000000 
[2.413805531765158, 48.843945428175488] 0.000000000000000 [2.414048157180511, 48.843916865197727] 0.000000000000000 
[2.414694134812559, 48.847067836831776] 0.000000000000000 [2.414947442758860, 48.848291056139423] 0.000000000000000 [2.415126948568146, 48.849278237723567] 0.000000000000000 
[2.412196994065819, 48.848308006184752] 0.000000000000000 [2.412382263974327, 48.848675471610399] 0.000000000000000 [2.412413961312915, 48.848713732837560] 0.000000000000000 [2.412530000312447, 48.848731056697346] 0.000000000000000 [2.412624803107702, 48.848816298685904] 0.000000000000000 
[2.415970873886599, 48.847201840053117] 0.000000000000000 [2.416214735249545, 48.848350206654722] 0.000000000000000 
[2.424457057635194, 48.836944627778898] 0.000000000000000 [2.425349581260046, 48.837534140805367] 0.000000000000000 
[2.410768819683847, 48.847012259202614] 0.000000000000000 [2.410929107406707, 48.846890806565277] 0.000000000000000 [2.411097904867479, 48.846847558433183] 0.000000000000000 
[2.439064458799867, 48.842485846986101] 0.000000000000000 [2.438338277117761, 48.842550524506450] 0.000000000000000 
[2.411232018433836, 48.847896682862945] 0.000000000000000 [2.411333344797537, 48.847936094659914] 0.000000000000000 [2.412123471833683, 48.847868075517653] 0.000000000000000 
[2.414575846217394, 48.843211024892497] 0.000000000000000 [2.414668161565884, 48.843845085629013] 0.000000000000000 
[2.413543767010465, 48.839831619510022] 0.000000000000000 [2.413336039462024, 48.839852720670045] 0.000000000000000 
[2.414324681452157, 48.846421797529821] 0.000000000000000 [2.414571233960825, 48.846404795031816] 0.000000000000000 
[2.439419172195171, 48.840807668047461] 0.000000000000000 [2.439179952690434, 48.840675860408162] 0.000000000000000 [2.439150859980007, 48.840573728892494] 0.000000000000000 
[2.411457744078374, 48.841031028400330] 0.000000000000000 [2.411624920226235, 48.841855904731361] 0.000000000000000 [2.411537990082251, 48.842305329520201] 0.000000000000000 
[2.413336039462024, 48.839852720670045] 0.000000000000000 [2.412757561220288, 48.837987256306754] 0.000000000000000 
[2.414397608126084, 48.846870845662458] 0.000000000000000 [2.414489493955503, 48.846815199108953] 0.000000000000000 [2.414571199859858, 48.846784838359312] 0.000000000000000 [2.414641807513933, 48.846758656510694] 0.000000000000000 
[2.423368796611048, 48.842711523781865] 0.000000000000000 [2.423720735868097, 48.842410358771616] 0.000000000000000 [2.423946938421115, 48.842198684794162] 0.000000000000000 [2.424312552060553, 48.841930951715291] 0.000000000000000 
[2.410776357284151, 48.847068845885659] 0.000000000000000 [2.410768819683847, 48.847012259202614] 0.000000000000000 
[2.409732639140863, 48.847107799933625] 0.000000000000000 [2.410768819683847, 48.847012259202614] 0.000000000000000 
[2.435139472927987, 48.840356648823857] 0.000000000000000 [2.434481296016175, 48.840572159305196] 0.000000000000000 
[2.412388755164645, 48.845225343827487] 0.000000000000000 [2.412528727069196, 48.845432992594851] 0.000000000000000 [2.412475128174952, 48.846027170388489] 0.000000000000000 
[2.414668161565884, 48.843845085629013] 0.000000000000000 [2.414685720846492, 48.843965720302833] 0.000000000000000 
[2.413823849814887, 48.844038041865701] 0.000000000000000 [2.414066391208906, 48.844015898940874] 0.000000000000000 
[2.422958304371646, 48.839721113989683] 0.000000000000000 [2.422595091981294, 48.839954390696583] 0.000000000000000 [2.422203814151130, 48.840188675593772] 0.000000000000000 [2.421446643529567, 48.840530336210129] 0.000000000000000 [2.420934287539255, 48.840712647319748] 0.000000000000000 [2.420559794093012, 48.840809497080286] 0.000000000000000 [2.420095966350466, 48.840848406793981] 0.000000000000000 
[2.415743092408590, 48.845995179469597] 0.000000000000000 [2.415802730117986, 48.846304407781005] 0.000000000000000 
[2.423073114057565, 48.843243076279450] 0.000000000000000 [2.423143302891014, 48.843476483653440] 0.000000000000000 
[2.416200796769395, 48.849258439879875] 0.000000000000000 [2.415892897026216, 48.851001386157648] 0.000000000000000 
[2.411417454430387, 48.846941324585970] 0.000000000000000 [2.411433364607643, 48.847010854545026] 0.000000000000000 
[2.411457744078374, 48.841031028400330] 0.000000000000000 [2.411850303804238, 48.841067271432344] 0.000000000000000 [2.412124828708123, 48.841104518739002] 0.000000000000000 [2.412365180735379, 48.841175959331636] 0.000000000000000 
[2.412451668762788, 48.841105551596108] 0.000000000000000 [2.412982412695694, 48.841201276762284] 0.000000000000000 [2.413124203495766, 48.841222683784345] 0.000000000000000 [2.413162504578851, 48.841216336045584] 0.000000000000000 [2.413195042408257, 48.841201134622139] 0.000000000000000 [2.413216089020608, 48.841182155279640] 0.000000000000000 [2.413211076167595, 48.841146708568367] 0.000000000000000 
[2.429966181215518, 48.839380450507235] 0.000000000000000 [2.432177700885963, 48.839960263984999] 0.000000000000000 
[2.409897154725209, 48.837723787467766] 0.000000000000000 [2.410418243201244, 48.837830510221970] 0.000000000000000 
[2.415378064385176, 48.847020614693207] 0.000000000000000 [2.415415488148635, 48.846990912049627] 0.000000000000000 [2.415910952742393, 48.846929148728876] 0.000000000000000 
[2.415378064385176, 48.847020614693207] 0.000000000000000 [2.415341639473598, 48.847164972654902] 0.000000000000000 [2.415579678522077, 48.848381303232316] 0.000000000000000 [2.415614754689309, 48.848400253937051] 0.000000000000000 [2.415909007098158, 48.848374348724718] 0.000000000000000 [2.416214735249545, 48.848350206654722] 0.000000000000000 
[2.434510591659552, 48.840783464080253] 0.000000000000000 [2.436651746591131, 48.840592581073366] 0.000000000000000 
[2.410717584514274, 48.842061980985704] 0.000000000000000 [2.410845749225835, 48.842402993002935] 0.000000000000000 
[2.413804197265330, 48.841712789937006] 0.000000000000000 [2.413963944208766, 48.843459730886643] 0.000000000000000 [2.414048157180511, 48.843916865197727] 0.000000000000000 
[2.438694555707158, 48.840619280648156] 0.000000000000000 [2.438803118583599, 48.841275385640095] 0.000000000000000 [2.439064458799867, 48.842485846986101] 0.000000000000000 
[2.427995013199137, 48.840542478997129] 0.000000000000000 [2.428505890900179, 48.840349156721970] 0.000000000000000 [2.428870001846623, 48.840173693457118] 0.000000000000000 [2.429240865606301, 48.839967989803512] 0.000000000000000 [2.429688213449196, 48.839647223343377] 0.000000000000000 [2.429966181215518, 48.839380450507235] 0.000000000000000 
[2.414932777893805, 48.849280349771647] 0.000000000000000 [2.414600526267650, 48.848639843057157] 0.000000000000000 [2.414288512362914, 48.847864970074170] 0.000000000000000 [2.414147604912071, 48.847370482355267] 0.000000000000000 [2.414113738544735, 48.847199426816850] 0.000000000000000 [2.414138701229536, 48.847077019365415] 0.000000000000000 
[2.410815806244535, 48.845895293105336] 0.000000000000000 [2.410905820647316, 48.846156077910088] 0.000000000000000 
[2.424457057635194, 48.836944627778898] 0.000000000000000 [2.424343091191614, 48.836976549878152] 0.000000000000000 [2.423972015403643, 48.837060196438678] 0.000000000000000 [2.423490184210662, 48.837143926852590] 0.000000000000000 [2.423180321363791, 48.837176896507195] 0.000000000000000 [2.422867021435120, 48.837192331031176] 0.000000000000000 [2.422518812507302, 48.837187566546348] 0.000000000000000 [2.422124515216021, 48.837157547392771] 0.000000000000000 [2.421680878125440, 48.837112466033396] 0.000000000000000 
[2.413481697190548, 48.838262371979276] 0.000000000000000 [2.413902083418982, 48.839709543769494] 0.000000000000000 [2.413902156485738, 48.839801431665023] 0.000000000000000 
[2.411177315906665, 48.837983415426983] 0.000000000000000 [2.412250458602598, 48.838206405060156] 0.000000000000000 
[2.413932393579967, 48.846590417350328] 0.000000000000000 [2.413938260612551, 48.846251916690811] 0.000000000000000 [2.413851769117103, 48.844666004402384] 0.000000000000000 [2.413904081281646, 48.844396276893640] 0.000000000000000 
[2.413932393579967, 48.846590417350328] 0.000000000000000 [2.413711087632887, 48.846448480739951] 0.000000000000000 [2.413545051824028, 48.846326066211482] 0.000000000000000 [2.413312924517932, 48.845168100112936] 0.000000000000000 [2.413118973012017, 48.844234296970271] 0.000000000000000 [2.413037561671018, 48.844053795265609] 0.000000000000000 
[2.412123471833683, 48.847868075517653] 0.000000000000000 [2.412130770343027, 48.848009175770684] 0.000000000000000 [2.412091250858738, 48.848033563591073] 0.000000000000000 [2.412086049394430, 48.848080554393889] 0.000000000000000 [2.412196994065819, 48.848308006184752] 0.000000000000000 
[2.439150859980007, 48.840573728892494] 0.000000000000000 [2.444844557963286, 48.840086373258259] 0.000000000000000 [2.446572675973489, 48.839941827438899] 0.000000000000000 
[2.414694134812559, 48.847067836831776] 0.000000000000000 [2.415069380234268, 48.846926591216487] 0.000000000000000 
[2.414324681452157, 48.846421797529821] 0.000000000000000 [2.413904081281646, 48.844396276893640] 0.000000000000000 
[2.412327303133229, 48.849093796979950] 0.000000000000000 [2.411892942280508, 48.851293720083376] 0.000000000000000 
[2.438739698908697, 48.844499257618921] 0.000000000000000 [2.438607555167545, 48.843914576649254] 0.000000000000000 [2.438338277117761, 48.842550524506450] 0.000000000000000 
[2.438694555707158, 48.840619280648156] 0.000000000000000 [2.439150859980007, 48.840573728892494] 0.000000000000000 
[2.415970873886599, 48.847201840053117] 0.000000000000000 [2.416040210772168, 48.847250379333637] 0.000000000000000 [2.416121578274602, 48.847247769022552] 0.000000000000000 
[2.415104559936267, 48.846517703034152] 0.000000000000000 [2.415213077774056, 48.846607951239399] 0.000000000000000 
[2.411436895481594, 48.847076112824915] 0.000000000000000 [2.411433364607643, 48.847010854545026] 0.000000000000000 
[2.414426975214051, 48.849281234386154] 0.000000000000000 [2.414483207098433, 48.849340287604875] 0.000000000000000 [2.414579389397926, 48.849852620448388] 0.000000000000000 [2.414494401037160, 48.849860564943292] 0.000000000000000 
[2.410536946328178, 48.837926422117356] 0.000000000000000 [2.411148454172363, 48.838050457409182] 0.000000000000000 
[2.410847451084451, 48.847130768448004] 0.000000000000000 [2.410898299996806, 48.847175070074663] 0.000000000000000 [2.411149623718579, 48.847229357486029] 0.000000000000000 
[2.410113700949822, 48.843691677810405] 0.000000000000000 [2.410316089419246, 48.844112614698673] 0.000000000000000 [2.410287023970403, 48.844212434850839] 0.000000000000000 
[2.413037561671018, 48.844053795265609] 0.000000000000000 [2.413216292802892, 48.844010024433565] 0.000000000000000 [2.413473442245555, 48.843980778399128] 0.000000000000000 
[2.436441648604870, 48.840256661077298] 0.000000000000000 [2.435845948815501, 48.840303132554617] 0.000000000000000 
[2.413543767010465, 48.839831619510022] 0.000000000000000 [2.413709369073891, 48.840675836552712] 0.000000000000000 [2.413804197265330, 48.841712789937006] 0.000000000000000 
[2.410418243201244, 48.837830510221970] 0.000000000000000 [2.410536946328178, 48.837926422117356] 0.000000000000000 
[2.414048157180511, 48.843916865197727] 0.000000000000000 [2.414066391208906, 48.844015898940874] 0.000000000000000 
[2.411065974443241, 48.846743290257024] 0.000000000000000 [2.411097904867479, 48.846847558433183] 0.000000000000000 
[2.424312552060553, 48.841930951715291] 0.000000000000000 [2.424770178631382, 48.841616842137363] 0.000000000000000 [2.425085829231346, 48.841451679928873] 0.000000000000000 [2.425729846803889, 48.841151351817189] 0.000000000000000 [2.426237052155078, 48.840991064024379] 0.000000000000000 [2.427649903538141, 48.840644624931855] 0.000000000000000 [2.427995013199137, 48.840542478997129] 0.000000000000000 
[2.438645680376709, 48.840402292866621] 0.000000000000000 [2.446516104776996, 48.839710065931804] 0.000000000000000 
[2.414634190359545, 48.846732924710004] 0.000000000000000 [2.414641807513933, 48.846758656510694] 0.000000000000000 
[2.412913386333578, 48.836659300291842] 0.000000000000000 [2.413071603594436, 48.836697395761853] 0.000000000000000 
[2.411149623718579, 48.847229357486029] 0.000000000000000 [2.411305778685826, 48.847186755534530] 0.000000000000000 [2.411409801586027, 48.847117964956247] 0.000000000000000 [2.411436895481594, 48.847076112824915] 0.000000000000000 
[2.415910952742393, 48.846929148728876] 0.000000000000000 [2.416057413216235, 48.846928840208719] 0.000000000000000 
[2.410113700949822, 48.843691677810405] 0.000000000000000 [2.410138865396987, 48.844117603008769] 0.000000000000000 [2.410287023970403, 48.844212434850839] 0.000000000000000 
[2.415743092408590, 48.845995179469597] 0.000000000000000 [2.415867790079049, 48.845986126615571] 0.000000000000000 
[2.415213077774056, 48.846607951239399] 0.000000000000000 [2.415856637062583, 48.846583011083922] 0.000000000000000 
[2.432177700885963, 48.839960263984999] 0.000000000000000 [2.434481296016175, 48.840572159305196] 0.000000000000000 
[2.424769409668452, 48.841837498324033] 0.000000000000000 [2.424711660521030, 48.841878306831681] 0.000000000000000 [2.424550102338610, 48.841907261618495] 0.000000000000000 [2.424312552060553, 48.841930951715291] 0.000000000000000 
[2.413932393579967, 48.846590417350328] 0.000000000000000 [2.414099457898074, 48.846486482493134] 0.000000000000000 [2.414324681452157, 48.846421797529821] 0.000000000000000 
[2.414056754532480, 48.839746309143045] 0.000000000000000 [2.413902156485738, 48.839801431665023] 0.000000000000000 
[2.410236758983784, 48.841118592401273] 0.000000000000000 [2.409948727602894, 48.841568145376527] 0.000000000000000 [2.409938644262003, 48.841660147641910] 0.000000000000000 
[2.414337328572737, 48.843899564702426] 0.000000000000000 [2.414550874093313, 48.843859266542530] 0.000000000000000 
[2.432912643865415, 48.841049425448247] 0.000000000000000 [2.432946650869446, 48.840895135629459] 0.000000000000000 
[2.411736535622279, 48.844146014728871] 0.000000000000000 [2.411844733291179, 48.844121087748519] 0.000000000000000 [2.412782790746256, 48.844043371557476] 0.000000000000000 [2.413037561671018, 48.844053795265609] 0.000000000000000 
[2.411736535622279, 48.844146014728871] 0.000000000000000 [2.412388755164645, 48.845225343827487] 0.000000000000000 
[2.410305305517802, 48.844274734317565] 0.000000000000000 [2.410342952000736, 48.844395841876022] 0.000000000000000 
[2.414366024283147, 48.843996855398977] 0.000000000000000 [2.414512671754854, 48.844726077240729] 0.000000000000000 [2.414667406679657, 48.845133531757490] 0.000000000000000 
[2.411148454172363, 48.838050457409182] 0.000000000000000 [2.411177315906665, 48.837983415426983] 0.000000000000000 
[2.413591718301716, 48.841688329279961] 0.000000000000000 [2.413336039462024, 48.839852720670045] 0.000000000000000 
[2.415126948568146, 48.849278237723567] 0.000000000000000 [2.415381940634163, 48.850605131737666] 0.000000000000000 [2.415377559425560, 48.851024557386047] 0.000000000000000 [2.415285415327402, 48.851439546519771] 0.000000000000000 [2.415168208459023, 48.851689346332272] 0.000000000000000 
[2.423286762004353, 48.839473573843982] 0.000000000000000 [2.422958304371646, 48.839721113989683] 0.000000000000000 
[2.413350758901292, 48.837903514528527] 0.000000000000000 [2.413481697190548, 48.838262371979276] 0.000000000000000 
[2.409729730830540, 48.842554790056894] 0.000000000000000 [2.409817679157193, 48.842788995714130] 0.000000000000000 
[2.415069380234268, 48.846926591216487] 0.000000000000000 [2.415182037592821, 48.846840741076122] 0.000000000000000 [2.415293491862495, 48.846770269286267] 0.000000000000000 [2.415441803416714, 48.846742658101952] 0.000000000000000 [2.416009825384838, 48.846692265046975] 0.000000000000000 
[2.431729871293042, 48.837574886593913] 0.000000000000000 [2.432177700885963, 48.839960263984999] 0.000000000000000 
[2.412365180735379, 48.841175959331636] 0.000000000000000 [2.413108424149490, 48.841389905863245] 0.000000000000000 
[2.412365180735379, 48.841175959331636] 0.000000000000000 [2.412451668762788, 48.841105551596108] 0.000000000000000 
[2.416200796769395, 48.849258439879875] 0.000000000000000 [2.416353931192712, 48.849234565448562] 0.000000000000000 
[2.410057609277674, 48.837966479193305] 0.000000000000000 [2.410536946328178, 48.837926422117356] 0.000000000000000 
[2.415910952742393, 48.846929148728876] 0.000000000000000 [2.415970873886599, 48.847201840053117] 0.000000000000000 
[2.412957620299955, 48.837963399749640] 0.000000000000000 [2.413116724124027, 48.838443785193896] 0.000000000000000 [2.413543767010465, 48.839831619510022] 0.000000000000000 
[2.421911041591804, 48.844404041828867] 0.000000000000000 [2.422036520093441, 48.844352761617735] 0.000000000000000 [2.422334472112539, 48.844164050079179] 0.000000000000000 [2.422524556628361, 48.843992172894467] 0.000000000000000 [2.422847516918173, 48.843589818373054] 0.000000000000000 [2.422855276864834, 48.843577879093701] 0.000000000000000 
[2.410676561745550, 48.845457760080222] 0.000000000000000 [2.410956880495780, 48.845453828109889] 0.000000000000000 [2.412145637346216, 48.845294640902459] 0.000000000000000 [2.412388755164645, 48.845225343827487] 0.000000000000000 
[2.409938644262003, 48.841660147641910] 0.000000000000000 [2.410046162227657, 48.841769160293879] 0.000000000000000 [2.410496932659561, 48.842010685410564] 0.000000000000000 [2.410717584514274, 48.842061980985704] 0.000000000000000 
[2.410287023970403, 48.844212434850839] 0.000000000000000 [2.410305305517802, 48.844274734317565] 0.000000000000000 
[2.424769409668452, 48.841837498324033] 0.000000000000000 [2.424698437188913, 48.841812012814216] 0.000000000000000 [2.424510686371561, 48.841852517030638] 0.000000000000000 [2.424312552060553, 48.841930951715291] 0.000000000000000 
[2.411436895481594, 48.847076112824915] 0.000000000000000 [2.413330889674967, 48.846922753722254] 0.000000000000000 [2.413832239137905, 48.846886040675436] 0.000000000000000 
[2.413832239137905, 48.846886040675436] 0.000000000000000 [2.414138701229536, 48.847077019365415] 0.000000000000000 
[2.413833829138917, 48.846803800782936] 0.000000000000000 [2.413832239137905, 48.846886040675436] 0.000000000000000 
[2.414946894706986, 48.846427892503662] 0.000000000000000 [2.414777744809817, 48.846512037052932] 0.000000000000000 [2.414668050883965, 48.846593676172674] 0.000000000000000 [2.414615243210775, 48.846631930821822] 0.000000000000000 
[2.414946894706986, 48.846427892503662] 0.000000000000000 [2.415104559936267, 48.846517703034152] 0.000000000000000 
[2.413481697190548, 48.838262371979276] 0.000000000000000 [2.413618999215030, 48.838249860501769] 0.000000000000000 
[2.416009825384838, 48.846692265046975] 0.000000000000000 [2.415882335582809, 48.846763783405393] 0.000000000000000 [2.415910952742393, 48.846929148728876] 0.000000000000000 
[2.410305305517802, 48.844274734317565] 0.000000000000000 [2.410497871142091, 48.844232802067964] 0.000000000000000 [2.411512584705424, 48.844145397147791] 0.000000000000000 [2.411736535622279, 48.844146014728871] 0.000000000000000 
[2.411736535622279, 48.844146014728871] 0.000000000000000 [2.411852113145576, 48.844171675926908] 0.000000000000000 [2.412921594874933, 48.844093871720375] 0.000000000000000 [2.413037561671018, 48.844053795265609] 0.000000000000000 
[2.411405858789898, 48.849064098185458] 0.000000000000000 [2.411442008851874, 48.849200953231751] 0.000000000000000 [2.411285121051737, 48.849787383341891] 0.000000000000000 
[2.436651746591131, 48.840592581073366] 0.000000000000000 [2.436617325777891, 48.840412576390165] 0.000000000000000 [2.436441648604870, 48.840256661077298] 0.000000000000000 
[2.412819290001183, 48.847806606896661] 0.000000000000000 [2.412887541513560, 48.847887675850437] 0.000000000000000 [2.413157459020276, 48.848415010738115] 0.000000000000000 [2.413172193035229, 48.848515899502416] 0.000000000000000 
[2.410845749225835, 48.842402993002935] 0.000000000000000 [2.411537990082251, 48.842305329520201] 0.000000000000000 
[2.411153681964953, 48.847337879056816] 0.000000000000000 [2.411102430394448, 48.847443855715873] 0.000000000000000 [2.411232018433836, 48.847896682862945] 0.000000000000000 
[2.414066391208906, 48.844015898940874] 0.000000000000000 [2.414136632613117, 48.844380291335142] 0.000000000000000 
[2.411148454172363, 48.838050457409182] 0.000000000000000 [2.412390160874960, 48.838302588220913] 0.000000000000000 [2.412525594077743, 48.838342291086640] 0.000000000000000 
[2.410776357284151, 48.847068845885659] 0.000000000000000 [2.410847451084451, 48.847130768448004] 0.000000000000000 
[2.414480871922391, 48.843107834689469] 0.000000000000000 [2.414449395525971, 48.843236722992408] 0.000000000000000 [2.414550874093313, 48.843859266542530] 0.000000000000000 
[2.413172193035229, 48.848515899502416] 0.000000000000000 [2.413069138767524, 48.849112196816542] 0.000000000000000 
[2.434481296016175, 48.840572159305196] 0.000000000000000 [2.434460988221494, 48.840637554467484] 0.000000000000000 [2.434510591659552, 48.840783464080253] 0.000000000000000 
[2.422814952197854, 48.843019584883734] 0.000000000000000 [2.422482171229553, 48.843137011280874] 0.000000000000000 [2.422173310363204, 48.843220246359955] 0.000000000000000 [2.421848863624755, 48.843273365935680] 0.000000000000000 [2.421397558299867, 48.843325824371099] 0.000000000000000 
[2.414615243210775, 48.846631930821822] 0.000000000000000 [2.414525941001684, 48.846683250740973] 0.000000000000000 [2.414382154513928, 48.846755245358473] 0.000000000000000 
[2.422855276864834, 48.843577879093701] 0.000000000000000 [2.423046966830686, 48.843620405207112] 0.000000000000000 
[2.425349581260046, 48.837534140805367] 0.000000000000000 [2.425762956692165, 48.837793350135485] 0.000000000000000 [2.426165237635871, 48.838017305597376] 0.000000000000000 [2.426588879575422, 48.838223805648767] 0.000000000000000 [2.427475069868718, 48.838600360012030] 0.000000000000000 [2.428398662368053, 48.838935590841686] 0.000000000000000 [2.429966181215518, 48.839380450507235] 0.000000000000000 
[2.414456078851376, 48.847082962851871] 0.000000000000000 [2.414397608126084, 48.846870845662458] 0.000000000000000 
[2.414932777893805, 48.849280349771647] 0.000000000000000 [2.414754930835402, 48.848305477335138] 0.000000000000000 [2.414456078851376, 48.847082962851871] 0.000000000000000 
[2.414066391208906, 48.844015898940874] 0.000000000000000 [2.414366024283147, 48.843996855398977] 0.000000000000000 
[2.412250458602598, 48.838206405060156] 0.000000000000000 [2.412436430485124, 48.838252342489724] 0.000000000000000 [2.412525594077743, 48.838342291086640] 0.000000000000000 
[2.412757561220288, 48.837987256306754] 0.000000000000000 [2.412957620299955, 48.837963399749640] 0.000000000000000 
[2.414550874093313, 48.843859266542530] 0.000000000000000 [2.414668161565884, 48.843845085629013] 0.000000000000000 
[2.437902295161962, 48.840467648750739] 0.000000000000000 [2.438645680376709, 48.840402292866621] 0.000000000000000 
[2.414667406679657, 48.845133531757490] 0.000000000000000 [2.414884978707367, 48.845903792429098] 0.000000000000000 [2.414880847374767, 48.846233406189342] 0.000000000000000 
[2.439064458799867, 48.842485846986101] 0.000000000000000 [2.439258110848301, 48.843504733399335] 0.000000000000000 [2.439477912991876, 48.844435097193298] 0.000000000000000 
[2.409897154725209, 48.837723787467766] 0.000000000000000 [2.410034745503978, 48.837815478817298] 0.000000000000000 [2.410324998898145, 48.837871163987316] 0.000000000000000 
[2.414735428100204, 48.846723952506352] 0.000000000000000 [2.415213077774056, 48.846607951239399] 0.000000000000000 
[2.415069380234268, 48.846926591216487] 0.000000000000000 [2.415114035810607, 48.847562968776359] 0.000000000000000 [2.415149565158670, 48.848495852849062] 0.000000000000000 [2.415126948568146, 48.849278237723567] 0.000000000000000 
[2.415188426019876, 48.846683831516827] 0.000000000000000 [2.415135102758893, 48.846835441085510] 0.000000000000000 [2.415069380234268, 48.846926591216487] 0.000000000000000 
[2.414641807513933, 48.846758656510694] 0.000000000000000 [2.414694134812559, 48.847067836831776] 0.000000000000000 
[2.410236758983784, 48.841118592401273] 0.000000000000000 [2.410424127285216, 48.841144109855072] 0.000000000000000 [2.410635532587327, 48.841302236216869] 0.000000000000000 [2.410783137207050, 48.841524262114923] 0.000000000000000 [2.410821796901404, 48.841685836033264] 0.000000000000000 [2.410717584514274, 48.842061980985704] 0.000000000000000 
[2.410905820647316, 48.846156077910088] 0.000000000000000 [2.411077330520035, 48.846161029654105] 0.000000000000000 [2.412475128174952, 48.846027170388489] 0.000000000000000 
[2.414136632613117, 48.844380291335142] 0.000000000000000 [2.414449110512790, 48.844943843588297] 0.000000000000000 [2.414766172358226, 48.845907695496003] 0.000000000000000 [2.414880847374767, 48.846233406189342] 0.000000000000000 
[2.414426975214051, 48.849281234386154] 0.000000000000000 [2.414932777893805, 48.849280349771647] 0.000000000000000 
[2.413823849814887, 48.844038041865701] 0.000000000000000 [2.413805531765158, 48.843945428175488] 0.000000000000000 
[2.421397558299867, 48.843325824371099] 0.000000000000000 [2.420117697121605, 48.843433960680677] 0.000000000000000 
[2.410342952000736, 48.844395841876022] 0.000000000000000 [2.410421764459369, 48.844409261973567] 0.000000000000000 [2.410510740862571, 48.844929947975849] 0.000000000000000 
[2.410847451084451, 48.847130768448004] 0.000000000000000 [2.409752746713616, 48.847225951895339] 0.000000000000000 
[2.435139472927987, 48.840356648823857] 0.000000000000000 [2.434473622094531, 48.839298260577849] 0.000000000000000 [2.434135134281491, 48.839305573381743] 0.000000000000000 
[2.409817679157193, 48.842788995714130] 0.000000000000000 [2.410149194814704, 48.843609460976886] 0.000000000000000 [2.410113700949822, 48.843691677810405] 0.000000000000000 
[2.429966181215518, 48.839380450507235] 0.000000000000000 [2.430070614037901, 48.839275959731658] 0.000000000000000 [2.430340855827656, 48.838960532520339] 0.000000000000000 [2.430518986496619, 48.838637187072138] 0.000000000000000 [2.430649405004734, 48.838262072819887] 0.000000000000000 
[2.409817679157193, 48.842788995714130] 0.000000000000000 [2.409983071529803, 48.843638811589983] 0.000000000000000 [2.410113700949822, 48.843691677810405] 0.000000000000000 
[2.412976714355108, 48.839896118313668] 0.000000000000000 [2.412978621240933, 48.839967545786614] 0.000000000000000 [2.412996451116667, 48.840018324761573] 0.000000000000000 [2.413137038733605, 48.840511744541452] 0.000000000000000 [2.413235068709376, 48.840640095344668] 0.000000000000000 [2.413277218497435, 48.840941413605982] 0.000000000000000 [2.413232380482644, 48.841108709059512] 0.000000000000000 [2.413211076167595, 48.841146708568367] 0.000000000000000 
[2.413473442245555, 48.843980778399128] 0.000000000000000 [2.413572327190872, 48.844023022059595] 0.000000000000000 [2.413823849814887, 48.844038041865701] 0.000000000000000 
[2.422814952197854, 48.843019584883734] 0.000000000000000 [2.422569642621510, 48.842979482342869] 0.000000000000000 [2.422273306412174, 48.842977637012062] 0.000000000000000 [2.422040604171023, 48.842987639830469] 0.000000000000000 [2.421885083799551, 48.843020912809259] 0.000000000000000 [2.421677386943399, 48.843114430338375] 0.000000000000000 [2.421503339242999, 48.843229567956151] 0.000000000000000 [2.421397558299867, 48.843325824371099] 0.000000000000000 
[2.432703156174234, 48.841067434687197] 0.000000000000000 [2.432835679436604, 48.840998600365204] 0.000000000000000 [2.432946650869446, 48.840895135629459] 0.000000000000000 
[2.411417454430387, 48.846941324585970] 0.000000000000000 [2.413026719483318, 48.846811006430769] 0.000000000000000 [2.413455097142080, 48.846770315229982] 0.000000000000000 [2.413739842480108, 48.846707452974023] 0.000000000000000 [2.413932393579967, 48.846590417350328] 0.000000000000000 
[2.421680878125440, 48.837112466033396] 0.000000000000000 [2.421539383541911, 48.837108281537311] 0.000000000000000 
[2.413037561671018, 48.844053795265609] 0.000000000000000 [2.412948746129470, 48.843351600835149] 0.000000000000000 [2.413205730165474, 48.841498832294924] 0.000000000000000 [2.413108424149490, 48.841389905863245] 0.000000000000000 
[2.412757561220288, 48.837987256306754] 0.000000000000000 [2.412286060268315, 48.836425735632297] 0.000000000000000 [2.412179334009596, 48.836205402576034] 0.000000000000000 
[2.411372885420568, 48.848791881958014] 0.000000000000000 [2.411579568121553, 48.848629759724105] 0.000000000000000 [2.411701788195846, 48.848617728453256] 0.000000000000000 [2.411783250495513, 48.848593771825591] 0.000000000000000 [2.412154111535731, 48.848333574535836] 0.000000000000000 [2.412196994065819, 48.848308006184752] 0.000000000000000 
[2.410113700949822, 48.843691677810405] 0.000000000000000 [2.409246911045599, 48.843792771042644] 0.000000000000000 
[2.414571233960825, 48.846404795031816] 0.000000000000000 [2.414946894706986, 48.846427892503662] 0.000000000000000 
[2.414382154513928, 48.846755245358473] 0.000000000000000 [2.414324681452157, 48.846421797529821] 0.000000000000000 
[2.412525594077743, 48.838342291086640] 0.000000000000000 [2.412573428033656, 48.838443248080132] 0.000000000000000 [2.412976714355108, 48.839896118313668] 0.000000000000000 
[2.413336039462024, 48.839852720670045] 0.000000000000000 [2.412976714355108, 48.839896118313668] 0.000000000000000 
[2.414932777893805, 48.849280349771647] 0.000000000000000 [2.415126948568146, 48.849278237723567] 0.000000000000000 
[2.410676561745550, 48.845457760080222] 0.000000000000000 [2.410950660092282, 48.845403796045126] 0.000000000000000 [2.412135519568979, 48.845243928720990] 0.000000000000000 [2.412388755164645, 48.845225343827487] 0.000000000000000 
[2.414048157180511, 48.843916865197727] 0.000000000000000 [2.414337328572737, 48.843899564702426] 0.000000000000000 
[2.414668161565884, 48.843845085629013] 0.000000000000000 [2.415304105805153, 48.843852797480203] 0.000000000000000 
[2.425349581260046, 48.837534140805367] 0.000000000000000 [2.424688590052250, 48.838304333840142] 0.000000000000000 [2.424324761179165, 48.838641041168131] 0.000000000000000 [2.423590154898424, 48.839244918132394] 0.000000000000000 [2.423286762004353, 48.839473573843982] 0.000000000000000 
[2.414136632613117, 48.844380291335142] 0.000000000000000 [2.414571233960825, 48.846404795031816] 0.000000000000000 
[2.414031594505543, 48.839660301581759] 0.000000000000000 [2.413902156485738, 48.839801431665023] 0.000000000000000 
[2.414685720846492, 48.843965720302833] 0.000000000000000 [2.415304105805153, 48.843852797480203] 0.000000000000000 
[2.409752746713616, 48.847225951895339] 0.000000000000000 [2.409596746950616, 48.847198318469800] 0.000000000000000 [2.409431518874963, 48.847214853311407] 0.000000000000000 [2.409370004265171, 48.847255665395750] 0.000000000000000 
[2.435845948815501, 48.840303132554617] 0.000000000000000 [2.435139472927987, 48.840356648823857] 0.000000000000000 
[2.410510740862571, 48.844929947975849] 0.000000000000000 [2.410733374087011, 48.845380861775986] 0.000000000000000 [2.410676561745550, 48.845457760080222] 0.000000000000000 
[2.410975258563977, 48.846396238015110] 0.000000000000000 [2.410962567617096, 48.846658259898632] 0.000000000000000 [2.411065974443241, 48.846743290257024] 0.000000000000000 
[2.410418243201244, 48.837830510221970] 0.000000000000000 [2.411177315906665, 48.837983415426983] 0.000000000000000 
[2.413902156485738, 48.839801431665023] 0.000000000000000 [2.414170786583691, 48.841294126954544] 0.000000000000000 [2.414480871922391, 48.843107834689469] 0.000000000000000 
[2.410975258563977, 48.846396238015110] 0.000000000000000 [2.411096688416218, 48.846625160215631] 0.000000000000000 [2.411065974443241, 48.846743290257024] 0.000000000000000 
[2.422855276864834, 48.843577879093701] 0.000000000000000 [2.423073114057565, 48.843243076279450] 0.000000000000000 
[2.413473442245555, 48.843980778399128] 0.000000000000000 [2.413468236921511, 48.842828288839037] 0.000000000000000 [2.413518658218238, 48.842373886783925] 0.000000000000000 [2.413591718301716, 48.841688329279961] 0.000000000000000 
[2.411149623718579, 48.847229357486029] 0.000000000000000 [2.411153681964953, 48.847337879056816] 0.000000000000000 
[2.415856637062583, 48.846583011083922] 0.000000000000000 [2.415985763058164, 48.846572651381280] 0.000000000000000 
[2.414397608126084, 48.846870845662458] 0.000000000000000 [2.414382154513928, 48.846755245358473] 0.000000000000000 
[2.411153681964953, 48.847337879056816] 0.000000000000000 [2.411267950285211, 48.847431419257525] 0.000000000000000 [2.411232018433836, 48.847896682862945] 0.000000000000000 
[2.415591579648438, 48.845296735601735] 0.000000000000000 [2.415675653564557, 48.845645425802445] 0.000000000000000 [2.415743092408590, 48.845995179469597] 0.000000000000000 
[2.412451668762788, 48.841105551596108] 0.000000000000000 [2.412476524511661, 48.841082766118795] 0.000000000000000 [2.412503352118080, 48.841084006785081] 0.000000000000000 [2.413074341948392, 48.841188572024720] 0.000000000000000 [2.413108831899328, 48.841193611264792] 0.000000000000000 [2.413145218921325, 48.841192319326254] 0.000000000000000 [2.413177769553886, 48.841175858868588] 0.000000000000000 [2.413211076167595, 48.841146708568367] 0.000000000000000 
[2.415235529151546, 48.846319637328833] 0.000000000000000 [2.415307836589994, 48.846344452256773] 0.000000000000000 [2.415802730117986, 48.846304407781005] 0.000000000000000 
[2.413904081281646, 48.844396276893640] 0.000000000000000 [2.413823849814887, 48.844038041865701] 0.000000000000000 
[2.413037561671018, 48.844053795265609] 0.000000000000000 [2.413457068650781, 48.844071642787100] 0.000000000000000 [2.413823849814887, 48.844038041865701] 0.000000000000000 
[2.412327303133229, 48.849093796979950] 0.000000000000000 [2.412385012343741, 48.848960216386033] 0.000000000000000 [2.412624803107702, 48.848816298685904] 0.000000000000000 
[2.423286762004353, 48.839473573843982] 0.000000000000000 [2.423344614586640, 48.839485220640739] 0.000000000000000 [2.423526035551590, 48.839577546359521] 0.000000000000000 [2.423783514387006, 48.839683221326155] 0.000000000000000 [2.423930693249803, 48.839732182575517] 0.000000000000000 [2.424070133259868, 48.839772903333142] 0.000000000000000 [2.424276194238461, 48.839821692553706] 0.000000000000000 [2.424399811553811, 48.839843351313853] 0.000000000000000 [2.424490617382349, 48.839938451975513] 0.000000000000000 [2.424680213402718, 48.839998134342231] 0.000000000000000 [2.424970442060357, 48.839985311880582] 0.000000000000000 [2.425023712229680, 48.839939398488795] 0.000000000000000 [2.425115757342137, 48.839895577164015] 0.000000000000000 [2.425181988147180, 48.839868853536387] 0.000000000000000 [2.425717166011208, 48.839961260005573] 0.000000000000000 [2.427261282421597, 48.840238515359921] 0.000000000000000 [2.427665557815406, 48.840338481179721] 0.000000000000000 [2.428021928496294, 48.840457764107065] 0.000000000000000 [2.427995013199137, 48.840542478997129] 0.000000000000000 
[2.409817679157193, 48.842788995714130] 0.000000000000000 [2.409590451860009, 48.842957952814068] 0.000000000000000 [2.409165734296102, 48.843275748225949] 0.000000000000000 [2.409116873587164, 48.843376713321312] 0.000000000000000 [2.409130687846057, 48.843442055065886] 0.000000000000000 [2.409246911045599, 48.843792771042644] 0.000000000000000 
[2.414480871922391, 48.843107834689469] 0.000000000000000 [2.414572435594256, 48.843207880240463] 0.000000000000000 [2.414575846217394, 48.843211024892497] 0.000000000000000 
[2.423368796611048, 48.842711523781865] 0.000000000000000 [2.423158670276873, 48.842846763198423] 0.000000000000000 [2.422814952197854, 48.843019584883734] 0.000000000000000 
[2.410342952000736, 48.844395841876022] 0.000000000000000 [2.410294403428023, 48.844430674755223] 0.000000000000000 [2.410510740862571, 48.844929947975849] 0.000000000000000 
[2.414456078851376, 48.847082962851871] 0.000000000000000 [2.414694134812559, 48.847067836831776] 0.000000000000000 
[2.414273388053949, 48.840486832010058] 0.000000000000000 [2.414205649102231, 48.840468478963857] 0.000000000000000 [2.414033776468622, 48.839890630979653] 0.000000000000000 [2.413902156485738, 48.839801431665023] 0.000000000000000 
[2.414970614161189, 48.845165149548095] 0.000000000000000 [2.414973251387090, 48.845283330467851] 0.000000000000000 [2.415186093426065, 48.846248358419636] 0.000000000000000 [2.415235529151546, 48.846319637328833] 0.000000000000000 
[2.415115931517903, 48.843242866947215] 0.000000000000000 [2.414687420025352, 48.843203664597659] 0.000000000000000 [2.414575846217394, 48.843211024892497] 0.000000000000000 
[2.411372885420568, 48.848791881958014] 0.000000000000000 [2.411316274363831, 48.848996197942284] 0.000000000000000 [2.411405858789898, 48.849064098185458] 0.000000000000000 
[2.414970614161189, 48.845165149548095] 0.000000000000000 [2.415591579648438, 48.845296735601735] 0.000000000000000 
[2.412624803107702, 48.848816298685904] 0.000000000000000 [2.413172193035229, 48.848515899502416] 0.000000000000000 
[2.412327303133229, 48.849093796979950] 0.000000000000000 [2.413069138767524, 48.849112196816542] 0.000000000000000 
[2.430649405004734, 48.838262072819887] 0.000000000000000 [2.430755710121757, 48.838213361329338] 0.000000000000000 [2.431274790558626, 48.837773177493581] 0.000000000000000 [2.431430541871761, 48.837643669083249] 0.000000000000000 [2.431540430899745, 48.837589459939586] 0.000000000000000 [2.431636395547732, 48.837577500299190] 0.000000000000000 [2.431729871293042, 48.837574886593913] 0.000000000000000 
[2.413069138767524, 48.849112196816542] 0.000000000000000 [2.413013071717427, 48.849257647320542] 0.000000000000000 [2.412874025178199, 48.849987492925386] 0.000000000000000 
[2.433539985631356, 48.840852772035305] 0.000000000000000 [2.434510591659552, 48.840783464080253] 0.000000000000000 
[2.413902156485738, 48.839801431665023] 0.000000000000000 [2.413796590032688, 48.839793786964528] 0.000000000000000 [2.413543767010465, 48.839831619510022] 0.000000000000000 
[2.433533955797202, 48.840996004709723] 0.000000000000000 [2.433539985631356, 48.840852772035305] 0.000000000000000 
[2.414138701229536, 48.847077019365415] 0.000000000000000 [2.414456078851376, 48.847082962851871] 0.000000000000000 
[2.420117697121605, 48.843433960680677] 0.000000000000000 [2.419941894945388, 48.843455599480770] 0.000000000000000 
[2.409897154725209, 48.837723787467766] 0.000000000000000 [2.410057609277674, 48.837966479193305] 0.000000000000000 
[2.414337328572737, 48.843899564702426] 0.000000000000000 [2.414366024283147, 48.843996855398977] 0.000000000000000 
[2.413110431355117, 48.837198284266059] 0.000000000000000 [2.413273755419756, 48.837241942765040] 0.000000000000000 
[2.411372885420568, 48.848791881958014] 0.000000000000000 [2.411454682948698, 48.848956071673236] 0.000000000000000 [2.411405858789898, 48.849064098185458] 0.000000000000000 
[2.414571233960825, 48.846404795031816] 0.000000000000000 [2.414615243210775, 48.846631930821822] 0.000000000000000 
[2.414382154513928, 48.846755245358473] 0.000000000000000 [2.414012652111246, 48.846848256762470] 0.000000000000000 [2.413832239137905, 48.846886040675436] 0.000000000000000 
[2.415213077774056, 48.846607951239399] 0.000000000000000 [2.415188426019876, 48.846683831516827] 0.000000000000000 
[2.414847145946022, 48.842371645220837] 0.000000000000000 [2.414653912514756, 48.843035073661639] 0.000000000000000 [2.414575846217394, 48.843211024892497] 0.000000000000000 
[2.436651746591131, 48.840592581073366] 0.000000000000000 [2.437902295161962, 48.840467648750739] 0.000000000000000 
[2.432912643865415, 48.841049425448247] 0.000000000000000 [2.433533955797202, 48.840996004709723] 0.000000000000000 
[2.413833829138917, 48.846803800782936] 0.000000000000000 [2.413932393579967, 48.846590417350328] 0.000000000000000 
[2.413473442245555, 48.843980778399128] 0.000000000000000 [2.413805531765158, 48.843945428175488] 0.000000000000000 
[2.410305305517802, 48.844274734317565] 0.000000000000000 [2.410527171356358, 48.844293017125125] 0.000000000000000 [2.411644074584990, 48.844198332444350] 0.000000000000000 [2.411736535622279, 48.844146014728871] 0.000000000000000 
[2.410676561745550, 48.845457760080222] 0.000000000000000 [2.410815806244535, 48.845895293105336] 0.000000000000000 
[2.432946650869446, 48.840895135629459] 0.000000000000000 [2.433539985631356, 48.840852772035305] 0.000000000000000 
[2.422958304371646, 48.839721113989683] 0.000000000000000 [2.421879730701279, 48.839404570691926] 0.000000000000000 [2.421676999562525, 48.839316592146346] 0.000000000000000 [2.421536376948141, 48.839219305755734] 0.000000000000000 [2.421390547684611, 48.839104576115119] 0.000000000000000 [2.421116341188637, 48.838817973575651] 0.000000000000000 
[2.423073114057565, 48.843243076279450] 0.000000000000000 [2.423234407954822, 48.842995158765746] 0.000000000000000 [2.423368796611048, 48.842711523781865] 0.000000000000000 
