[2.435215078477654, 48.820219659685655] 0.000000000000000 [2.435353302777525, 48.820426103428971] 0.000000000000000 [2.435627485916944, 48.820862113277933] 0.000000000000000 [2.435702817123324, 48.821078593417788] 0.000000000000000 [2.435721003557282, 48.821253297785233] 0.000000000000000 [2.435696710243052, 48.821432823756759] 0.000000000000000 [2.435635702044533, 48.821571625533835] 0.000000000000000 [2.435511737873268, 48.821760581256832] 0.000000000000000 [2.435367398114529, 48.821907557769904] 0.000000000000000 [2.435198300505589, 48.822068584062066] 0.000000000000000 [2.434993550686125, 48.822246098009998] 0.000000000000000 [2.434655025298077, 48.822403762334226] 0.000000000000000 
[2.431440094084798, 48.822797664569983] 0.000000000000000 [2.431712972014175, 48.822630531888663] 0.000000000000000 [2.432164448429636, 48.822351199364860] 0.000000000000000 [2.432714330250453, 48.821973312014286] 0.000000000000000 [2.433559900101468, 48.821262887923666] 0.000000000000000 [2.434083444738895, 48.820868739899609] 0.000000000000000 [2.434915771753422, 48.820369116350989] 0.000000000000000 [2.435215078477654, 48.820219659685655] 0.000000000000000 
[2.434655025298077, 48.822403762334226] 0.000000000000000 [2.434203253531102, 48.822525371939690] 0.000000000000000 [2.433382179747674, 48.822670135910421] 0.000000000000000 [2.432798475971280, 48.822741770983249] 0.000000000000000 [2.431588069076379, 48.822843215193892] 0.000000000000000 [2.431529732726506, 48.822832994436489] 0.000000000000000 [2.431440094084798, 48.822797664569983] 0.000000000000000 
[2.436400481568794, 48.819710268040467] 0.000000000000000 [2.437148694748681, 48.819497832060385] 0.000000000000000 
[2.430783142010936, 48.823092910174971] 0.000000000000000 [2.430749988616324, 48.823220643842355] 0.000000000000000 [2.430729489405901, 48.823349418941305] 0.000000000000000 [2.430684446652944, 48.823412135297076] 0.000000000000000 [2.430556510263779, 48.823673660384586] 0.000000000000000 [2.430385831716924, 48.823948079228458] 0.000000000000000 [2.430161617954673, 48.824217245777170] 0.000000000000000 [2.429979889608871, 48.824411008813989] 0.000000000000000 [2.429722352101006, 48.824632881413912] 0.000000000000000 [2.429287060399080, 48.824918755212515] 0.000000000000000 [2.428986760997935, 48.825101714095098] 0.000000000000000 [2.428625608350608, 48.825299639275606] 0.000000000000000 [2.428083773166805, 48.825586988887764] 0.000000000000000 
[2.430783142010936, 48.823092910174971] 0.000000000000000 [2.431440094084798, 48.822797664569983] 0.000000000000000 
[2.437148694748681, 48.819497832060385] 0.000000000000000 [2.438028697406427, 48.819258835370860] 0.000000000000000 [2.438927922646582, 48.819073869532275] 0.000000000000000 [2.439925905223007, 48.818906235401428] 0.000000000000000 [2.440854242747044, 48.818779402852634] 0.000000000000000 [2.441932398732800, 48.818665283466402] 0.000000000000000 [2.442859134332834, 48.818621349263331] 0.000000000000000 
[2.436400481568794, 48.819710268040467] 0.000000000000000 [2.435506127342775, 48.819751784189869] 0.000000000000000 [2.435124733475108, 48.819707869900256] 0.000000000000000 [2.434919417214475, 48.819661374401413] 0.000000000000000 [2.434757671306194, 48.819610254881042] 0.000000000000000 [2.434562256421501, 48.819494874861121] 0.000000000000000 [2.434411469742371, 48.819379582394411] 0.000000000000000 
[2.435215078477654, 48.820219659685655] 0.000000000000000 [2.436400481568794, 48.819710268040467] 0.000000000000000 
[2.434655025298077, 48.822403762334226] 0.000000000000000 [2.435664737523045, 48.822066651830553] 0.000000000000000 [2.436375099014448, 48.821865943707948] 0.000000000000000 [2.436665157298833, 48.821787902286722] 0.000000000000000 [2.437544025062619, 48.821613208303809] 0.000000000000000 [2.438090379133943, 48.821534037505565] 0.000000000000000 [2.438616201392169, 48.821471248814575] 0.000000000000000 [2.439237520961120, 48.821424739130194] 0.000000000000000 [2.440881706944463, 48.821301935808705] 0.000000000000000 [2.441499980433931, 48.821220767126363] 0.000000000000000 [2.441782019619863, 48.821233483626983] 0.000000000000000 
