[2.455549569193659, 48.817710357945231] 0.000000000000000 [2.455803433633386, 48.817667628697677] 0.000000000000000 [2.455869303201235, 48.817656544201924] 0.000000000000000 
[2.462062256855563, 48.819427214688098] 0.000000000000000 [2.461887561277909, 48.819653565836980] 0.000000000000000 [2.461713505049681, 48.819864276804175] 0.000000000000000 [2.461521608577542, 48.820020242464004] 0.000000000000000 [2.460880051966701, 48.820456462393665] 0.000000000000000 
[2.450755649488071, 48.819319743326417] 0.000000000000000 [2.450674076889381, 48.819546010492708] 0.000000000000000 [2.450594848696070, 48.819689956191489] 0.000000000000000 [2.450499827727847, 48.819823863303057] 0.000000000000000 
[2.445076399120341, 48.820258821852676] 0.000000000000000 [2.444994889471214, 48.820293998442814] 0.000000000000000 [2.444866785664063, 48.820276565735242] 0.000000000000000 [2.444610575002200, 48.820246485452749] 0.000000000000000 [2.444433878162136, 48.820253046669507] 0.000000000000000 
[2.457398886581066, 48.818610686136225] 0.000000000000000 [2.460880051966701, 48.820456462393665] 0.000000000000000 
[2.454154499268751, 48.819813142766023] 0.000000000000000 [2.453578306175598, 48.819808438056207] 0.000000000000000 [2.453163676737238, 48.819768394826902] 0.000000000000000 [2.452777208956201, 48.819715902218327] 0.000000000000000 [2.452428784940343, 48.819625969029858] 0.000000000000000 [2.452196989592550, 48.819501843514864] 0.000000000000000 [2.451900231405851, 48.819256362426344] 0.000000000000000 [2.451706459762275, 48.818966361693064] 0.000000000000000 [2.451493243002423, 48.818451111483071] 0.000000000000000 
[2.458982515490244, 48.817250722202445] 0.000000000000000 [2.458887818984499, 48.817211246477747] 0.000000000000000 
[2.441782019619863, 48.821233483626983] 0.000000000000000 [2.442689922186641, 48.821085081606846] 0.000000000000000 
[2.445105145778473, 48.819386677055256] 0.000000000000000 [2.445625098839125, 48.819332225075563] 0.000000000000000 
[2.454403788936661, 48.817324335852845] 0.000000000000000 [2.454107609239782, 48.817173526923163] 0.000000000000000 
[2.454792920628091, 48.817306766213655] 0.000000000000000 [2.455549569193659, 48.817710357945231] 0.000000000000000 
[2.454903731430944, 48.817119629641105] 0.000000000000000 [2.455146521960972, 48.817259583408202] 0.000000000000000 [2.455184359061273, 48.817280335294591] 0.000000000000000 
[2.452786461751275, 48.821176048264498] 0.000000000000000 [2.452026418039920, 48.820824483178107] 0.000000000000000 [2.451320708705248, 48.820550141451172] 0.000000000000000 [2.450935201318774, 48.820419387620170] 0.000000000000000 [2.450419167647481, 48.820283833513521] 0.000000000000000 
[2.450223884900686, 48.819028368835376] 0.000000000000000 [2.450266340256111, 48.819062112439788] 0.000000000000000 [2.450349989982532, 48.819089934158320] 0.000000000000000 [2.450498890245085, 48.819150585112531] 0.000000000000000 [2.450632874538727, 48.819226521438701] 0.000000000000000 [2.450755649488071, 48.819319743326417] 0.000000000000000 
[2.462418612610810, 48.818984009610425] 0.000000000000000 [2.462166066975451, 48.818864072276483] 0.000000000000000 
[2.460130257209274, 48.817722657757031] 0.000000000000000 [2.460111218753238, 48.817738747920799] 0.000000000000000 
[2.462758256938425, 48.819727435022628] 0.000000000000000 [2.462062256855563, 48.819427214688098] 0.000000000000000 
[2.462267668741522, 48.819171746616000] 0.000000000000000 [2.462062256855563, 48.819427214688098] 0.000000000000000 
[2.462482017681088, 48.818903129925644] 0.000000000000000 [2.462146376136693, 48.818739831672310] 0.000000000000000 [2.461255157186859, 48.818314938366854] 0.000000000000000 
[2.461255157186859, 48.818314938366854] 0.000000000000000 [2.460111218753238, 48.817738747920799] 0.000000000000000 
[2.459060091595191, 48.817216439210185] 0.000000000000000 [2.459107009906487, 48.817191370969915] 0.000000000000000 
[2.441991691744988, 48.822176541245121] 0.000000000000000 [2.437564079066732, 48.825202020036407] 0.000000000000000 
[2.454154499268751, 48.819813142766023] 0.000000000000000 [2.453052350036977, 48.820907522656093] 0.000000000000000 [2.452786461751275, 48.821176048264498] 0.000000000000000 
[2.455279082116641, 48.817767446772315] 0.000000000000000 [2.454403788936661, 48.817324335852845] 0.000000000000000 
[2.445796082201620, 48.818657757408147] 0.000000000000000 [2.445980660723287, 48.818609631088236] 0.000000000000000 [2.446803647563248, 48.818526744553239] 0.000000000000000 [2.447787692383352, 48.818452490081675] 0.000000000000000 [2.448409209949188, 48.818417674158759] 0.000000000000000 [2.448801370441586, 48.818397747425955] 0.000000000000000 [2.449363657188834, 48.818348317474594] 0.000000000000000 [2.449881484013477, 48.818269621580143] 0.000000000000000 [2.450687782215858, 48.818141759111633] 0.000000000000000 [2.451264721175684, 48.818028789236266] 0.000000000000000 [2.451715847086175, 48.817911052246473] 0.000000000000000 [2.452521931967221, 48.817690335880457] 0.000000000000000 [2.453312623996921, 48.817406158512192] 0.000000000000000 [2.453398594849718, 48.817367185955071] 0.000000000000000 [2.453094330557573, 48.817275231266244] 0.000000000000000 
[2.460111218753238, 48.817738747920799] 0.000000000000000 [2.459800815905053, 48.817582402834574] 0.000000000000000 
[2.460730504319496, 48.820558423359572] 0.000000000000000 [2.457707866686448, 48.819045428008060] 0.000000000000000 
[2.455184359061273, 48.817280335294591] 0.000000000000000 [2.455126874030820, 48.817283299402980] 0.000000000000000 [2.454792920628091, 48.817306766213655] 0.000000000000000 
[2.442081062342410, 48.822965303479094] 0.000000000000000 [2.442176294534311, 48.822917463254257] 0.000000000000000 [2.442303000709005, 48.822876608556150] 0.000000000000000 [2.442400090302352, 48.822870673988156] 0.000000000000000 [2.442514940757935, 48.822890351673408] 0.000000000000000 [2.442631761026686, 48.822940332822085] 0.000000000000000 [2.442735658295665, 48.822997339770545] 0.000000000000000 
[2.460730504319496, 48.820558423359572] 0.000000000000000 [2.460349016198017, 48.820817559405754] 0.000000000000000 
[2.451493243002423, 48.818451111483071] 0.000000000000000 [2.451248573777723, 48.818647310451659] 0.000000000000000 [2.450976057308068, 48.818933732943435] 0.000000000000000 [2.450804865220104, 48.819224910186414] 0.000000000000000 [2.450755649488071, 48.819319743326417] 0.000000000000000 
[2.441782019619863, 48.821233483626983] 0.000000000000000 [2.441937958978000, 48.821301774997110] 0.000000000000000 [2.442068440787697, 48.821438623401306] 0.000000000000000 [2.442172648059469, 48.821578984336405] 0.000000000000000 [2.442229915517069, 48.821740621197691] 0.000000000000000 [2.442247440393751, 48.821977833876510] 0.000000000000000 
[2.457707866686448, 48.819045428008060] 0.000000000000000 [2.455259886677621, 48.817912618932226] 0.000000000000000 [2.455050722040912, 48.817815822295451] 0.000000000000000 
[2.461297303492302, 48.818292616959113] 0.000000000000000 [2.461255157186859, 48.818314938366854] 0.000000000000000 
[2.459220663916725, 48.817292184104517] 0.000000000000000 [2.459060091595191, 48.817216439210185] 0.000000000000000 
[2.455869303201235, 48.817656544201924] 0.000000000000000 [2.457398886581066, 48.818610686136225] 0.000000000000000 
[2.442081062342410, 48.822965303479094] 0.000000000000000 [2.441386319391020, 48.824894620329189] 0.000000000000000 
[2.448731137196490, 48.818685701610256] 0.000000000000000 [2.449659675933774, 48.818659147497293] 0.000000000000000 [2.450400768117454, 48.818604642815885] 0.000000000000000 [2.451060234714183, 48.818526187164835] 0.000000000000000 [2.451493243002423, 48.818451111483071] 0.000000000000000 
[2.462166066975451, 48.818864072276483] 0.000000000000000 [2.462273532019392, 48.819018404886855] 0.000000000000000 [2.462267668741522, 48.819171746616000] 0.000000000000000 
[2.444023896832336, 48.819206676034348] 0.000000000000000 [2.444366609249342, 48.819497807841593] 0.000000000000000 [2.444543228869479, 48.819684151075371] 0.000000000000000 
[2.455218330063208, 48.817106308316575] 0.000000000000000 [2.455313207673091, 48.817125948497598] 0.000000000000000 [2.455423807841257, 48.817142766926501] 0.000000000000000 [2.455443393016469, 48.817144473200806] 0.000000000000000 [2.455568059954083, 48.817155314464870] 0.000000000000000 [2.455739533187917, 48.817162545426292] 0.000000000000000 [2.455910530254675, 48.817163598873130] 0.000000000000000 
[2.455050722040912, 48.817815822295451] 0.000000000000000 [2.454798726767429, 48.817705571427304] 0.000000000000000 [2.453841432242521, 48.817319565001270] 0.000000000000000 
[2.462625835285882, 48.819198986194429] 0.000000000000000 [2.462343351293493, 48.819077607926722] 0.000000000000000 
[2.458982515490244, 48.817250722202445] 0.000000000000000 [2.459060091595191, 48.817216439210185] 0.000000000000000 
[2.454473151281443, 48.817143141569666] 0.000000000000000 [2.454792920628091, 48.817306766213655] 0.000000000000000 
[2.459800815905053, 48.817582402834574] 0.000000000000000 [2.459616042052883, 48.817489338062757] 0.000000000000000 
[2.442859134332834, 48.818621349263331] 0.000000000000000 [2.443039718066795, 48.818691053807598] 0.000000000000000 [2.443566248268048, 48.818912053904334] 0.000000000000000 [2.444023896832336, 48.819206676034348] 0.000000000000000 
[2.448731137196490, 48.818685701610256] 0.000000000000000 [2.449366023018905, 48.818810660237531] 0.000000000000000 [2.449971690977805, 48.818960850582130] 0.000000000000000 [2.450223884900686, 48.819028368835376] 0.000000000000000 
[2.460349016198017, 48.820817559405754] 0.000000000000000 [2.459252759596698, 48.820162630601757] 0.000000000000000 [2.458990355347379, 48.820059054724773] 0.000000000000000 [2.458767312017743, 48.820013152344494] 0.000000000000000 [2.458433593861441, 48.819983212232714] 0.000000000000000 [2.454907535401862, 48.819735925855788] 0.000000000000000 [2.454427450513333, 48.819716278657623] 0.000000000000000 [2.454154499268751, 48.819813142766023] 0.000000000000000 
[2.450419167647481, 48.820283833513521] 0.000000000000000 [2.449647781343304, 48.820202766081401] 0.000000000000000 
[2.450223884900686, 48.819028368835376] 0.000000000000000 [2.449617480742329, 48.819209455930704] 0.000000000000000 [2.449109653279727, 48.819324615931954] 0.000000000000000 [2.448547180733838, 48.819423819624525] 0.000000000000000 [2.448046032312679, 48.819482582862847] 0.000000000000000 [2.447525203136687, 48.819509799308925] 0.000000000000000 [2.447048557049352, 48.819503435574433] 0.000000000000000 [2.446780367725406, 48.819480305232510] 0.000000000000000 [2.446515702311865, 48.819450344572751] 0.000000000000000 [2.446313781800465, 48.819403866401487] 0.000000000000000 [2.446147811922232, 48.819357353851132] 0.000000000000000 
[2.458887818984499, 48.817211246477747] 0.000000000000000 [2.458381527114678, 48.817095781451506] 0.000000000000000 [2.457729130955947, 48.817089641560607] 0.000000000000000 [2.455821598711097, 48.817228358299950] 0.000000000000000 [2.455184359061273, 48.817280335294591] 0.000000000000000 
[2.460880051966701, 48.820456462393665] 0.000000000000000 [2.461794014477769, 48.821068958860231] 0.000000000000000 [2.462131134730321, 48.821418487938622] 0.000000000000000 [2.462369321592408, 48.821688008420018] 0.000000000000000 [2.462535839168557, 48.821942860401606] 0.000000000000000 [2.462723768522703, 48.822208757215058] 0.000000000000000 [2.462855426100199, 48.822501254272467] 0.000000000000000 [2.462924915118102, 48.822718649800493] 0.000000000000000 [2.463010044770581, 48.823067519549802] 0.000000000000000 [2.463137794966986, 48.823605991044033] 0.000000000000000 [2.463292278725866, 48.824121671621704] 0.000000000000000 [2.463392459606855, 48.824361793707290] 0.000000000000000 [2.463504964988204, 48.824568609809205] 0.000000000000000 
[2.455279082116641, 48.817767446772315] 0.000000000000000 [2.455549569193659, 48.817710357945231] 0.000000000000000 
[2.454792920628091, 48.817306766213655] 0.000000000000000 [2.454403788936661, 48.817324335852845] 0.000000000000000 
[2.457707866686448, 48.819045428008060] 0.000000000000000 [2.456420497437328, 48.818387563401046] 0.000000000000000 [2.455279082116641, 48.817767446772315] 0.000000000000000 
[2.455050722040912, 48.817815822295451] 0.000000000000000 [2.455279082116641, 48.817767446772315] 0.000000000000000 
[2.462806352151700, 48.819042069980220] 0.000000000000000 [2.462482017681088, 48.818903129925644] 0.000000000000000 
[2.460349016198017, 48.820817559405754] 0.000000000000000 [2.460197631188553, 48.820909719941618] 0.000000000000000 [2.459962779449493, 48.821107301708814] 0.000000000000000 [2.459518499473455, 48.821620162350200] 0.000000000000000 [2.458750032914019, 48.822690407183551] 0.000000000000000 [2.458309612889890, 48.823255623468938] 0.000000000000000 [2.457922353752155, 48.823759558479146] 0.000000000000000 
[2.441782019619863, 48.821233483626983] 0.000000000000000 [2.441626205366497, 48.821153420752637] 0.000000000000000 [2.440828731842207, 48.820858596272494] 0.000000000000000 [2.440586293282278, 48.820752189896609] 0.000000000000000 [2.440203239739867, 48.820550866973747] 0.000000000000000 [2.439602312207311, 48.820231520689639] 0.000000000000000 [2.439036617358545, 48.819975888955014] 0.000000000000000 [2.438618543968369, 48.819804726930165] 0.000000000000000 [2.438407767019905, 48.819726102378411] 0.000000000000000 [2.438193504081224, 48.819661384267611] 0.000000000000000 [2.437961717134229, 48.819610592039808] 0.000000000000000 [2.437803713347310, 48.819587558290415] 0.000000000000000 [2.437701905222129, 48.819580687730785] 0.000000000000000 [2.437533384904577, 48.819569245658727] 0.000000000000000 [2.437312224006995, 48.819567129476056] 0.000000000000000 [2.437252521235799, 48.819553270670077] 0.000000000000000 [2.437148694748681, 48.819497832060385] 0.000000000000000 
[2.446147811922232, 48.819357353851132] 0.000000000000000 [2.446155264400553, 48.819278120329969] 0.000000000000000 [2.446104840569268, 48.819198942491546] 0.000000000000000 [2.445984763937144, 48.819152385063894] 0.000000000000000 [2.445797528638573, 48.819157241011666] 0.000000000000000 [2.445670907880179, 48.819231911822264] 0.000000000000000 [2.445625098839125, 48.819332225075563] 0.000000000000000 
[2.445105145778473, 48.819386677055256] 0.000000000000000 [2.444933652373733, 48.819555544213337] 0.000000000000000 [2.444880179676507, 48.819639317193683] 0.000000000000000 [2.444842170771183, 48.819758237479803] 0.000000000000000 [2.444833188415698, 48.819949881777887] 0.000000000000000 
[2.462343351293493, 48.819077607926722] 0.000000000000000 [2.462267668741522, 48.819171746616000] 0.000000000000000 
[2.455549569193659, 48.817710357945231] 0.000000000000000 [2.455549582718151, 48.817710367000529] 0.000000000000000 [2.456983150355956, 48.818408293574826] 0.000000000000000 [2.457398886581066, 48.818610686136225] 0.000000000000000 
[2.455910530254675, 48.817163598873130] 0.000000000000000 [2.456140853477259, 48.817146145707163] 0.000000000000000 [2.457405760635119, 48.817016900068879] 0.000000000000000 
[2.449647781343304, 48.820202766081401] 0.000000000000000 [2.449963343072068, 48.820094369654512] 0.000000000000000 [2.450172441887616, 48.820000807302847] 0.000000000000000 [2.450406239409032, 48.819869999981435] 0.000000000000000 [2.450499827727847, 48.819823863303057] 0.000000000000000 
[2.444158604500937, 48.819724172007604] 0.000000000000000 [2.444543228869479, 48.819684151075371] 0.000000000000000 
[2.450499827727847, 48.819823863303057] 0.000000000000000 [2.450419167647481, 48.820283833513521] 0.000000000000000 
[2.442538662759947, 48.822003643071049] 0.000000000000000 [2.442568117342793, 48.821828886851691] 0.000000000000000 [2.442689922186641, 48.821085081606846] 0.000000000000000 
[2.445796082201620, 48.818657757408147] 0.000000000000000 [2.447631533826035, 48.818701966408000] 0.000000000000000 [2.448731137196490, 48.818685701610256] 0.000000000000000 
[2.444833188415698, 48.819949881777887] 0.000000000000000 [2.445076399120341, 48.820258821852676] 0.000000000000000 
[2.442735658295665, 48.822997339770545] 0.000000000000000 [2.442591164980887, 48.822293170513603] 0.000000000000000 
[2.444023896832336, 48.819206676034348] 0.000000000000000 [2.444277613480059, 48.819276400300687] 0.000000000000000 [2.444588552426703, 48.819357679660619] 0.000000000000000 [2.444928109003077, 48.819385406574703] 0.000000000000000 [2.445105145778473, 48.819386677055256] 0.000000000000000 
[2.442859134332834, 48.818621349263331] 0.000000000000000 [2.444049042444634, 48.818614479043333] 0.000000000000000 [2.445796082201620, 48.818657757408147] 0.000000000000000 
[2.462482017681088, 48.818903129925644] 0.000000000000000 [2.462418612610810, 48.818984009610425] 0.000000000000000 
[2.455869303201235, 48.817656544201924] 0.000000000000000 [2.457448370059518, 48.817360342142422] 0.000000000000000 [2.458465146744707, 48.817233092557515] 0.000000000000000 [2.458982515490244, 48.817250722202445] 0.000000000000000 
[2.453841432242521, 48.817319565001270] 0.000000000000000 [2.453564639279695, 48.817218662302295] 0.000000000000000 
[2.462166066975451, 48.818864072276483] 0.000000000000000 [2.458982515490244, 48.817250722202445] 0.000000000000000 
[2.442247440393751, 48.821977833876510] 0.000000000000000 [2.442053602256280, 48.822085926194696] 0.000000000000000 [2.442017987698856, 48.822117793816346] 0.000000000000000 [2.441991691744988, 48.822176541245121] 0.000000000000000 
[2.462418612610810, 48.818984009610425] 0.000000000000000 [2.462343351293493, 48.819077607926722] 0.000000000000000 
[2.441991691744988, 48.822176541245121] 0.000000000000000 [2.442027688756770, 48.822261669200557] 0.000000000000000 [2.442151224865951, 48.822332508025447] 0.000000000000000 [2.442293521479676, 48.822387591796733] 0.000000000000000 
[2.445625098839125, 48.819332225075563] 0.000000000000000 [2.445674654642890, 48.819388202457347] 0.000000000000000 [2.445766672342092, 48.819432359216215] 0.000000000000000 [2.445876489074611, 48.819457973272982] 0.000000000000000 [2.445999838488632, 48.819443825694528] 0.000000000000000 [2.446101870280024, 48.819397146054108] 0.000000000000000 [2.446147811922232, 48.819357353851132] 0.000000000000000 
[2.445354693664481, 48.820605228228587] 0.000000000000000 [2.446279647622420, 48.820479613286508] 0.000000000000000 [2.448348227326891, 48.820278236569216] 0.000000000000000 [2.449380599956263, 48.820206268559303] 0.000000000000000 [2.449647781343304, 48.820202766081401] 0.000000000000000 
[2.460880051966701, 48.820456462393665] 0.000000000000000 [2.460802694131244, 48.820509064056814] 0.000000000000000 [2.460730504319496, 48.820558423359572] 0.000000000000000 
[2.442591164980887, 48.822293170513603] 0.000000000000000 [2.442538662759947, 48.822003643071049] 0.000000000000000 
[2.451493243002423, 48.818451111483071] 0.000000000000000 [2.451859881525671, 48.818354348296417] 0.000000000000000 [2.452858749821177, 48.818182193612415] 0.000000000000000 [2.454701483936423, 48.817890014909153] 0.000000000000000 [2.455050722040912, 48.817815822295451] 0.000000000000000 
[2.454403788936661, 48.817324335852845] 0.000000000000000 [2.453841432242521, 48.817319565001270] 0.000000000000000 
[2.445354693664481, 48.820605228228587] 0.000000000000000 [2.445524533562017, 48.820801198501755] 0.000000000000000 [2.445784329729572, 48.821279733616109] 0.000000000000000 [2.445885376892908, 48.821590327630460] 0.000000000000000 [2.445970714256836, 48.822063984672504] 0.000000000000000 [2.446042060992459, 48.822802500562872] 0.000000000000000 [2.446217004835647, 48.824655398635635] 0.000000000000000 
[2.444543228869479, 48.819684151075371] 0.000000000000000 [2.444833188415698, 48.819949881777887] 0.000000000000000 
[2.442293521479676, 48.822387591796733] 0.000000000000000 [2.442471359268191, 48.822375916223280] 0.000000000000000 [2.442591164980887, 48.822293170513603] 0.000000000000000 
[2.442689922186641, 48.821085081606846] 0.000000000000000 [2.445354693664481, 48.820605228228587] 0.000000000000000 
[2.459814425999803, 48.817568404419326] 0.000000000000000 [2.459800815905053, 48.817582402834574] 0.000000000000000 
[2.442293521479676, 48.822387591796733] 0.000000000000000 [2.442081062342410, 48.822965303479094] 0.000000000000000 
[2.445076399120341, 48.820258821852676] 0.000000000000000 [2.445354693664481, 48.820605228228587] 0.000000000000000 
[2.462724398524552, 48.819133059963519] 0.000000000000000 [2.462418612610810, 48.818984009610425] 0.000000000000000 
[2.454949742604631, 48.817118600953997] 0.000000000000000 [2.455119554378373, 48.817165690885950] 0.000000000000000 [2.455362590455032, 48.817185330674505] 0.000000000000000 [2.455538459985236, 48.817191774311198] 0.000000000000000 [2.455910530254675, 48.817163598873130] 0.000000000000000 
[2.453841432242521, 48.817319565001270] 0.000000000000000 [2.453389199045617, 48.817233248688900] 0.000000000000000 
[2.458887818984499, 48.817211246477747] 0.000000000000000 [2.458754365754853, 48.817115904220785] 0.000000000000000 [2.458451329691462, 48.817056390267979] 0.000000000000000 [2.458070665491385, 48.817015762230980] 0.000000000000000 [2.457405760635119, 48.817016900068879] 0.000000000000000 
[2.442247440393751, 48.821977833876510] 0.000000000000000 [2.442364948662959, 48.821967473437866] 0.000000000000000 [2.442448324828171, 48.821981694546423] 0.000000000000000 [2.442538662759947, 48.822003643071049] 0.000000000000000 
[2.451493243002423, 48.818451111483071] 0.000000000000000 [2.451079320013468, 48.818653685387702] 0.000000000000000 [2.450223884900686, 48.819028368835376] 0.000000000000000 
[2.455184359061273, 48.817280335294591] 0.000000000000000 [2.455217643581082, 48.817298592248314] 0.000000000000000 [2.455867243646414, 48.817655404316760] 0.000000000000000 [2.455869303201235, 48.817656544201924] 0.000000000000000 
