[2.246252004623046, 48.876063246473059] 0.000000000000000 [2.246308199823998, 48.876034109840170] 0.000000000000000 
[2.246333651623056, 48.876162429590742] 0.000000000000000 [2.246384945978981, 48.876167353576655] 0.000000000000000 
[2.246140335631693, 48.876083158099725] 0.000000000000000 [2.246252004623046, 48.876063246473059] 0.000000000000000 
[2.246333651623056, 48.876162429590742] 0.000000000000000 [2.246400260214075, 48.876135513310857] 0.000000000000000 
[2.256671286203896, 48.876715382068106] 0.000000000000000 [2.256821824040498, 48.876685406262936] 0.000000000000000 
[2.246400260214075, 48.876135513310857] 0.000000000000000 [2.246384945978981, 48.876167353576655] 0.000000000000000 
[2.246378875760592, 48.875997466669304] 0.000000000000000 [2.246467510601493, 48.876108336625904] 0.000000000000000 
[2.246308199823998, 48.876034109840170] 0.000000000000000 [2.246400260214075, 48.876135513310857] 0.000000000000000 
[2.246308199823998, 48.876034109840170] 0.000000000000000 [2.246378875760592, 48.875997466669304] 0.000000000000000 
[2.246140335631693, 48.876083158099725] 0.000000000000000 [2.246175788519919, 48.876139849497484] 0.000000000000000 [2.246218077515688, 48.876208624370939] 0.000000000000000 
[2.246218077515688, 48.876208624370939] 0.000000000000000 [2.246333651623056, 48.876162429590742] 0.000000000000000 
[2.246467510601493, 48.876108336625904] 0.000000000000000 [2.246760025401563, 48.876074592258654] 0.000000000000000 
[2.246400260214075, 48.876135513310857] 0.000000000000000 [2.246467510601493, 48.876108336625904] 0.000000000000000 
[2.246467510601493, 48.876108336625904] 0.000000000000000 [2.246493204882571, 48.876140479105722] 0.000000000000000 
[2.246252004623046, 48.876063246473059] 0.000000000000000 [2.246333651623056, 48.876162429590742] 0.000000000000000 
