[2.237804277544349, 48.850667398717881] 0.000000000000000 [2.237744997955781, 48.850791825405288] 0.000000000000000 [2.237603732078318, 48.850879921344891] 0.000000000000000 [2.237432753931857, 48.850970437711652] 0.000000000000000 [2.237302595729837, 48.851070791408517] 0.000000000000000 [2.237079237612802, 48.851349939396428] 0.000000000000000 [2.237127571827425, 48.851404531582943] 0.000000000000000 
[2.244820405286523, 48.855598540468641] 0.000000000000000 [2.245441703162018, 48.856295123754485] 0.000000000000000 [2.246058773965955, 48.856987896623075] 0.000000000000000 [2.246681726682545, 48.857678737698926] 0.000000000000000 [2.246965412676354, 48.857998024594693] 0.000000000000000 [2.247070060128152, 48.858047333098646] 0.000000000000000 
[2.254238264269334, 48.852286075444184] 0.000000000000000 [2.254222317757067, 48.852385676897853] 0.000000000000000 [2.254147762556184, 48.852566953027647] 0.000000000000000 [2.254069571482748, 48.852696769982423] 0.000000000000000 [2.253915265424589, 48.852805901775177] 0.000000000000000 
[2.252609336536695, 48.857960668759816] 0.000000000000000 [2.252674553373412, 48.858039097351828] 0.000000000000000 [2.252663727258853, 48.858114350239866] 0.000000000000000 [2.252631587736358, 48.858156655065478] 0.000000000000000 [2.252435512314546, 48.858180035899927] 0.000000000000000 [2.252263880613016, 48.858183847990290] 0.000000000000000 [2.251925722381708, 48.858233749882238] 0.000000000000000 [2.251668989195674, 48.858294709535720] 0.000000000000000 [2.251437173305554, 48.858376847048284] 0.000000000000000 [2.251370902523882, 48.858405637387740] 0.000000000000000 
[2.254238264269334, 48.852286075444184] 0.000000000000000 [2.253911478568249, 48.852209363957655] 0.000000000000000 
[2.238912614943422, 48.861811877311986] 0.000000000000000 [2.239113940626082, 48.861665017882565] 0.000000000000000 [2.239497884589377, 48.861395382631528] 0.000000000000000 [2.239643762568706, 48.861297755148193] 0.000000000000000 [2.240145286147062, 48.860969405452906] 0.000000000000000 [2.240624546610930, 48.860662526628907] 0.000000000000000 [2.240732827510910, 48.860595009876256] 0.000000000000000 
[2.228944944859626, 48.861742974900977] 0.000000000000000 [2.229220115610020, 48.862195201559686] 0.000000000000000 
[2.236864285569084, 48.851886673318234] 0.000000000000000 [2.236775951858754, 48.852239832561573] 0.000000000000000 [2.236790600333137, 48.852544789597133] 0.000000000000000 [2.236867507314115, 48.852865898736155] 0.000000000000000 [2.237070934567815, 48.853354114402677] 0.000000000000000 [2.237342015068184, 48.854086451752629] 0.000000000000000 [2.237457562293902, 48.854632323668596] 0.000000000000000 [2.237533756625509, 48.855313142217796] 0.000000000000000 
[2.242415359923480, 48.854828091918094] 0.000000000000000 [2.242681243723482, 48.854522818548809] 0.000000000000000 [2.242967867993344, 48.854244997530515] 0.000000000000000 [2.243311730146444, 48.853956945045162] 0.000000000000000 [2.243603417885309, 48.853751221401964] 0.000000000000000 [2.243603677938132, 48.853751051267295] 0.000000000000000 
[2.238404794574953, 48.862516348035207] 0.000000000000000 [2.238426496224906, 48.862542572016139] 0.000000000000000 [2.239069371185750, 48.863244398219159] 0.000000000000000 
[2.228652251727607, 48.861127385311697] 0.000000000000000 [2.228672144388042, 48.861249463159872] 0.000000000000000 [2.228944944859626, 48.861742974900977] 0.000000000000000 
[2.240066137325371, 48.859802337387656] 0.000000000000000 [2.240677792786848, 48.859313108094035] 0.000000000000000 
[2.255631726313728, 48.855236519966155] 0.000000000000000 [2.255502039152653, 48.855372308225519] 0.000000000000000 
[2.238281609740768, 48.862226396138702] 0.000000000000000 [2.238356979490691, 48.862269186142598] 0.000000000000000 
[2.237053491343496, 48.851542335108391] 0.000000000000000 [2.236864285569084, 48.851886673318234] 0.000000000000000 
[2.250139667590978, 48.853268133512572] 0.000000000000000 [2.250747178782158, 48.853313142685835] 0.000000000000000 [2.251198983192938, 48.853303203606380] 0.000000000000000 [2.251863895925791, 48.853187180843364] 0.000000000000000 [2.252624238913090, 48.853030531754364] 0.000000000000000 
[2.226408286676596, 48.852949549862991] 0.000000000000000 [2.226434333374368, 48.853352109380687] 0.000000000000000 
[2.243603677938132, 48.853751051267295] 0.000000000000000 [2.244040868226434, 48.853476965493556] 0.000000000000000 [2.244186691001846, 48.853384404937714] 0.000000000000000 [2.244488961628664, 48.853236664115428] 0.000000000000000 
[2.238356979490691, 48.862269186142598] 0.000000000000000 [2.238433183252052, 48.862200942150572] 0.000000000000000 [2.238666902064407, 48.862003401250782] 0.000000000000000 [2.238756300393048, 48.861933712072180] 0.000000000000000 
[2.252101149998644, 48.851803666906690] 0.000000000000000 [2.251913854795782, 48.851760093654633] 0.000000000000000 
[2.229875658403934, 48.860894968144159] 0.000000000000000 [2.230098968095540, 48.861140283581562] 0.000000000000000 [2.230369445715572, 48.861693177994397] 0.000000000000000 
[2.228468324823890, 48.857076776362831] 0.000000000000000 [2.228519575538073, 48.857041942584239] 0.000000000000000 [2.228499645367286, 48.856950880344250] 0.000000000000000 [2.228528060712402, 48.856844262320138] 0.000000000000000 
[2.244030471459926, 48.861077760579384] 0.000000000000000 [2.243866414986459, 48.861157168134994] 0.000000000000000 [2.243574895118373, 48.861330050495468] 0.000000000000000 [2.243110020467294, 48.861683508893563] 0.000000000000000 [2.242769278745334, 48.861957166657554] 0.000000000000000 [2.242451702553921, 48.862181382160330] 0.000000000000000 [2.241931293382602, 48.862500931923734] 0.000000000000000 [2.241169828674745, 48.862921221571284] 0.000000000000000 [2.240746655075767, 48.863134030800708] 0.000000000000000 [2.240326806638964, 48.863332264855742] 0.000000000000000 [2.240173252153566, 48.863366181496886] 0.000000000000000 
[2.237533756625509, 48.855313142217796] 0.000000000000000 [2.237689755838170, 48.855388044073152] 0.000000000000000 [2.238493270069669, 48.856868480096303] 0.000000000000000 [2.238561468899198, 48.857032953294578] 0.000000000000000 [2.238661111313878, 48.857188874793856] 0.000000000000000 [2.238838406560575, 48.857435770470097] 0.000000000000000 [2.238892821529331, 48.857527319083559] 0.000000000000000 
[2.247668530785945, 48.852818778772438] 0.000000000000000 [2.247806810318641, 48.852732807282464] 0.000000000000000 [2.249237932934248, 48.851174298912994] 0.000000000000000 [2.249259765048515, 48.851119342542191] 0.000000000000000 
[2.238356979490691, 48.862269186142598] 0.000000000000000 [2.238348684988098, 48.862355806293422] 0.000000000000000 [2.238404794574953, 48.862516348035207] 0.000000000000000 
[2.236958934549869, 48.859067562823540] 0.000000000000000 [2.236935136825311, 48.859481848193305] 0.000000000000000 [2.236997198397288, 48.859931451037056] 0.000000000000000 [2.237178491916584, 48.860462721952743] 0.000000000000000 [2.237405778924163, 48.860963726983456] 0.000000000000000 [2.237813242140728, 48.861676757941382] 0.000000000000000 [2.238281609740768, 48.862226396138702] 0.000000000000000 
[2.249259765048515, 48.851119342542191] 0.000000000000000 [2.249145656793040, 48.851140766198000] 0.000000000000000 [2.248739330999238, 48.851304220563186] 0.000000000000000 [2.248377385216083, 48.851475054632083] 0.000000000000000 [2.248254365906727, 48.851587530807599] 0.000000000000000 [2.248055990969570, 48.851866557173921] 0.000000000000000 [2.247918961166199, 48.852177159653024] 0.000000000000000 [2.247843508824727, 48.852397747527426] 0.000000000000000 [2.247761090518810, 48.852694885033024] 0.000000000000000 [2.247668530785945, 48.852818778772438] 0.000000000000000 
[2.241553167117418, 48.853530511425951] 0.000000000000000 [2.241747571832996, 48.853853073065160] 0.000000000000000 [2.242415359923480, 48.854828091918094] 0.000000000000000 
[2.228608666591311, 48.857310316764305] 0.000000000000000 [2.228884652086746, 48.858265269058599] 0.000000000000000 [2.229469524807228, 48.859622828790819] 0.000000000000000 [2.229875658403934, 48.860894968144159] 0.000000000000000 
[2.228424085948120, 48.857108793556748] 0.000000000000000 [2.228468324823890, 48.857076776362831] 0.000000000000000 
[2.249762712251277, 48.850708127833443] 0.000000000000000 [2.249649401224718, 48.850704076124480] 0.000000000000000 [2.249430321562373, 48.850760832530717] 0.000000000000000 [2.249417502638506, 48.850843556762534] 0.000000000000000 
[2.238281609740768, 48.862226396138702] 0.000000000000000 [2.238184288866396, 48.862345799601250] 0.000000000000000 [2.238103563941650, 48.862514838974690] 0.000000000000000 
[2.252624238913090, 48.853030531754364] 0.000000000000000 [2.252551459504618, 48.852955973129923] 0.000000000000000 [2.252294161462224, 48.852492296426732] 0.000000000000000 [2.252132227231013, 48.852031027274791] 0.000000000000000 [2.252101149998644, 48.851803666906690] 0.000000000000000 
[2.229932297993827, 48.861422617486475] 0.000000000000000 [2.229523498938043, 48.861527332929079] 0.000000000000000 [2.229125703122266, 48.861578568178622] 0.000000000000000 
[2.237839052696991, 48.858532098886052] 0.000000000000000 [2.237986836381431, 48.858439619792883] 0.000000000000000 [2.238959327586480, 48.857624470240815] 0.000000000000000 
[2.244030471459926, 48.861077760579384] 0.000000000000000 [2.244097030214637, 48.861183992333750] 0.000000000000000 [2.244154440794925, 48.861321007054471] 0.000000000000000 [2.244215174440216, 48.861466694540979] 0.000000000000000 [2.244231010591154, 48.861672380611786] 0.000000000000000 [2.244177680623003, 48.861839018598232] 0.000000000000000 [2.244091421417199, 48.862041313135030] 0.000000000000000 [2.243992969569304, 48.862364810711661] 0.000000000000000 [2.243955460243892, 48.862583538491371] 0.000000000000000 [2.243898769425592, 48.862767574644359] 0.000000000000000 [2.243832233200330, 48.862866755356080] 0.000000000000000 [2.243746230548263, 48.862931442286992] 0.000000000000000 [2.243402394633927, 48.863101143349276] 0.000000000000000 [2.243256216135179, 48.863215096669059] 0.000000000000000 [2.243159413494432, 48.863338334949376] 0.000000000000000 [2.243082738639257, 48.863457048970780] 0.000000000000000 [2.243031239695531, 48.863574595623575] 0.000000000000000 [2.243032749761869, 48.863706422061007] 0.000000000000000 
[2.251913854795782, 48.851760093654633] 0.000000000000000 [2.251603965571477, 48.851688190505605] 0.000000000000000 [2.250878697804943, 48.851477395840249] 0.000000000000000 [2.250333186770091, 48.851250636070439] 0.000000000000000 [2.249727239790008, 48.850997119969612] 0.000000000000000 
[2.226233731677795, 48.852987762187709] 0.000000000000000 [2.226253219531305, 48.853342923171489] 0.000000000000000 [2.226251769832416, 48.853436878728125] 0.000000000000000 
[2.238959327586480, 48.857624470240815] 0.000000000000000 [2.239342143723374, 48.857316858252233] 0.000000000000000 [2.239941716039147, 48.856875374053857] 0.000000000000000 [2.240636084941938, 48.856457428398414] 0.000000000000000 [2.241093017361268, 48.856199647846225] 0.000000000000000 
[2.252298670065624, 48.851845009478218] 0.000000000000000 [2.252321403359253, 48.852010934187319] 0.000000000000000 [2.252478189857719, 48.852456280948140] 0.000000000000000 [2.252723530212196, 48.852899535366632] 0.000000000000000 [2.252807424984753, 48.852985514176076] 0.000000000000000 
[2.243667103993989, 48.856705981952565] 0.000000000000000 [2.243723654192642, 48.856593771612438] 0.000000000000000 [2.244800843393834, 48.855630691544071] 0.000000000000000 [2.244820405286523, 48.855598540468641] 0.000000000000000 
[2.241553167117418, 48.853530511425951] 0.000000000000000 [2.241695093381411, 48.853624352229140] 0.000000000000000 [2.241845453548785, 48.853677264940664] 0.000000000000000 [2.242107575562155, 48.853706718586821] 0.000000000000000 [2.242462886103640, 48.853719925569592] 0.000000000000000 [2.242952721681509, 48.853678179833857] 0.000000000000000 [2.243552345160146, 48.853539742123623] 0.000000000000000 
[2.236907132708679, 48.851382756103632] 0.000000000000000 [2.237127571827425, 48.851404531582943] 0.000000000000000 
[2.244880791562111, 48.858564420857078] 0.000000000000000 [2.245264382680419, 48.858449001195510] 0.000000000000000 [2.245653828662217, 48.858343009233259] 0.000000000000000 [2.246048405558862, 48.858246470931739] 0.000000000000000 [2.246448839031275, 48.858159737964286] 0.000000000000000 [2.246853627142170, 48.858082818807482] 0.000000000000000 [2.247070060128152, 48.858047333098646] 0.000000000000000 
[2.238103563941650, 48.862514838974690] 0.000000000000000 [2.238253758196109, 48.862483934418506] 0.000000000000000 [2.238404794574953, 48.862516348035207] 0.000000000000000 
[2.254033183902109, 48.852036647946520] 0.000000000000000 [2.253911478568249, 48.852209363957655] 0.000000000000000 
[2.247668530785945, 48.852818778772438] 0.000000000000000 [2.248964748308682, 48.853505696510275] 0.000000000000000 [2.249944863075385, 48.854110490614687] 0.000000000000000 [2.250858523156416, 48.854779883216736] 0.000000000000000 [2.251617869233382, 48.855497814049407] 0.000000000000000 [2.252262217315744, 48.856199359436303] 0.000000000000000 [2.252800615536731, 48.856712074061647] 0.000000000000000 [2.253220807078877, 48.857017056863015] 0.000000000000000 [2.253686285961259, 48.857308672736202] 0.000000000000000 [2.254208763447004, 48.857567862960096] 0.000000000000000 [2.255058363032492, 48.857908310499155] 0.000000000000000 [2.256342148327373, 48.858346827933524] 0.000000000000000 
[2.251370902523882, 48.858405637387740] 0.000000000000000 [2.251544969946750, 48.858539264883284] 0.000000000000000 [2.251964239255929, 48.858798497163569] 0.000000000000000 [2.252018715117365, 48.858861585089954] 0.000000000000000 [2.252042131757773, 48.859139659561286] 0.000000000000000 [2.252076089022987, 48.859238748244508] 0.000000000000000 [2.252161242951072, 48.859326617187357] 0.000000000000000 [2.252328132988096, 48.859509113777293] 0.000000000000000 [2.252341611335236, 48.859605940217449] 0.000000000000000 [2.252211186993271, 48.860050508357681] 0.000000000000000 [2.252139239185161, 48.860226074873793] 0.000000000000000 [2.252070437316132, 48.860545734555210] 0.000000000000000 [2.252056402346814, 48.860775381531759] 0.000000000000000 [2.252079974774762, 48.860955515532609] 0.000000000000000 [2.252079797722397, 48.861059093449313] 0.000000000000000 [2.252011347412010, 48.861180615822192] 0.000000000000000 [2.251929293534164, 48.861270608874506] 0.000000000000000 [2.251799491808901, 48.861347067508277] 0.000000000000000 [2.251656060415862, 48.861414505653627] 0.000000000000000 [2.251451123821909, 48.861526924310780] 0.000000000000000 [2.251207290408060, 48.861677406462796] 0.000000000000000 
[2.249417502638506, 48.850843556762534] 0.000000000000000 [2.248437247883645, 48.850357462674253] 0.000000000000000 [2.247076769137570, 48.849613150241339] 0.000000000000000 [2.246461521271772, 48.849316892473183] 0.000000000000000 [2.245920282911126, 48.849095420779172] 0.000000000000000 [2.245291343368171, 48.848848975525343] 0.000000000000000 
[2.236958934549869, 48.859067562823540] 0.000000000000000 [2.237273367230981, 48.858829555795488] 0.000000000000000 [2.237839052696991, 48.858532098886052] 0.000000000000000 
[2.252204623424686, 48.851057254867108] 0.000000000000000 [2.252232155162571, 48.851366536191748] 0.000000000000000 [2.252298670065624, 48.851845009478218] 0.000000000000000 
[2.241093017361268, 48.856199647846225] 0.000000000000000 [2.241118859629899, 48.856141189475231] 0.000000000000000 [2.241138301602788, 48.855875352274225] 0.000000000000000 [2.241161906854144, 48.855556003214737] 0.000000000000000 [2.241186847465132, 48.855236654434535] 0.000000000000000 [2.241241411144533, 48.854282144873189] 0.000000000000000 [2.241296713998323, 48.853643452963794] 0.000000000000000 [2.241310547875800, 48.853479320252319] 0.000000000000000 [2.241553167117418, 48.853530511425951] 0.000000000000000 
[2.237839052696991, 48.858532098886052] 0.000000000000000 [2.237922180464583, 48.858412836982339] 0.000000000000000 [2.238060615098114, 48.858265447998946] 0.000000000000000 [2.238509939282966, 48.857797573293283] 0.000000000000000 [2.238704923742477, 48.857617966665764] 0.000000000000000 [2.238823120127190, 48.857543481551701] 0.000000000000000 [2.238892821529331, 48.857527319083559] 0.000000000000000 
[2.229412910880423, 48.862143854900836] 0.000000000000000 [2.229220115610020, 48.862195201559686] 0.000000000000000 
[2.249537694857030, 48.850903144540290] 0.000000000000000 [2.249417502638506, 48.850843556762534] 0.000000000000000 
[2.239176403775644, 48.852043376363490] 0.000000000000000 [2.239362571153172, 48.852212212671752] 0.000000000000000 [2.239941715318511, 48.852627721650933] 0.000000000000000 [2.240410437050131, 48.852942504640765] 0.000000000000000 [2.240948914674763, 48.853254827753268] 0.000000000000000 [2.241375219609984, 48.853445740601366] 0.000000000000000 [2.241553167117418, 48.853530511425951] 0.000000000000000 
[2.240677792786848, 48.859313108094035] 0.000000000000000 [2.240715856622619, 48.859293176062828] 0.000000000000000 [2.241664455222366, 48.858449333190222] 0.000000000000000 [2.242348459603180, 48.857845470260045] 0.000000000000000 [2.242972889211332, 48.857285509986106] 0.000000000000000 [2.243532953457230, 48.856789864659980] 0.000000000000000 [2.243667103993989, 48.856705981952565] 0.000000000000000 
[2.230295418607356, 48.861994276880495] 0.000000000000000 [2.230361265129424, 48.862038034192985] 0.000000000000000 [2.230650083671164, 48.862437725436699] 0.000000000000000 [2.230763922416317, 48.862538865228956] 0.000000000000000 
[2.249259765048515, 48.851119342542191] 0.000000000000000 [2.249537694857030, 48.850903144540290] 0.000000000000000 
[2.251207290408060, 48.861677406462796] 0.000000000000000 [2.251088978110828, 48.861776571220510] 0.000000000000000 [2.250992927943619, 48.862069195576581] 0.000000000000000 [2.250883399286479, 48.862258240139596] 0.000000000000000 [2.250780830687161, 48.862370734437057] 0.000000000000000 [2.250623645409207, 48.862492197693122] 0.000000000000000 [2.250473224207090, 48.862649682754942] 0.000000000000000 [2.250404799472377, 48.862753200014851] 0.000000000000000 [2.250315786199581, 48.862915246076163] 0.000000000000000 [2.250233664846386, 48.863041262051205] 0.000000000000000 [2.250124253617827, 48.863167267052468] 0.000000000000000 [2.249980724333390, 48.863279728772625] 0.000000000000000 [2.249851003116150, 48.863429566860617] 0.000000000000000 
[2.228468324823890, 48.857076776362831] 0.000000000000000 [2.228617928912320, 48.857074670429839] 0.000000000000000 
[2.238756300393048, 48.861933712072180] 0.000000000000000 [2.238693707526094, 48.861826338815760] 0.000000000000000 [2.238534868738369, 48.861494323809069] 0.000000000000000 [2.238339310284833, 48.861192466819304] 0.000000000000000 [2.238180092882504, 48.860992149985073] 0.000000000000000 [2.238042316540174, 48.860791626758655] 0.000000000000000 [2.237923262646747, 48.860587199723739] 0.000000000000000 [2.237776732277319, 48.860238998541810] 0.000000000000000 [2.237691450565066, 48.859947523156045] 0.000000000000000 [2.237622243646323, 48.859604747994382] 0.000000000000000 [2.237592695639883, 48.859373212753276] 0.000000000000000 [2.237595240963665, 48.859258979592262] 0.000000000000000 [2.237619423756307, 48.859154180962790] 0.000000000000000 [2.237718428055854, 48.858831084919487] 0.000000000000000 [2.237839052696991, 48.858532098886052] 0.000000000000000 
[2.236907132708679, 48.851382756103632] 0.000000000000000 [2.237053491343496, 48.851542335108391] 0.000000000000000 
[2.230452230452002, 48.852598505490960] 0.000000000000000 [2.229365248427533, 48.853832735087856] 0.000000000000000 [2.229019140953328, 48.854383395989771] 0.000000000000000 [2.228827394356085, 48.854825308262434] 0.000000000000000 [2.228599403875255, 48.855512050740344] 0.000000000000000 [2.228517875508501, 48.856153058872941] 0.000000000000000 [2.228528060712402, 48.856844262320138] 0.000000000000000 
[2.244820405286523, 48.855598540468641] 0.000000000000000 [2.245077316033606, 48.855364026662002] 0.000000000000000 [2.246177023141261, 48.854362103397364] 0.000000000000000 [2.247645291788614, 48.852935234390046] 0.000000000000000 [2.247668530785945, 48.852818778772438] 0.000000000000000 
[2.226251769832416, 48.853436878728125] 0.000000000000000 [2.226248949199415, 48.853620310582464] 0.000000000000000 [2.226276411907036, 48.853704878422185] 0.000000000000000 
[2.242415359923480, 48.854828091918094] 0.000000000000000 [2.243667103993989, 48.856705981952565] 0.000000000000000 
[2.251370902523882, 48.858405637387740] 0.000000000000000 [2.251360620778821, 48.858408435726822] 0.000000000000000 [2.251149268878946, 48.858478178016462] 0.000000000000000 [2.250889769528885, 48.858577047388010] 0.000000000000000 [2.250534606082145, 48.858747894518508] 0.000000000000000 [2.250397925896483, 48.858855865429838] 0.000000000000000 [2.250280060253982, 48.858990442889855] 0.000000000000000 [2.250003476163914, 48.859309970823801] 0.000000000000000 [2.249708495863368, 48.859625438120460] 0.000000000000000 [2.249462811121739, 48.859815474439849] 0.000000000000000 [2.249241799906180, 48.859916482808174] 0.000000000000000 [2.249082225493716, 48.859973032463770] 0.000000000000000 
[2.228608666591311, 48.857310316764305] 0.000000000000000 [2.228424921561617, 48.857156645078000] 0.000000000000000 [2.228424085948120, 48.857108793556748] 0.000000000000000 
[2.238892821529331, 48.857527319083559] 0.000000000000000 [2.238959327586480, 48.857624470240815] 0.000000000000000 
[2.252298670065624, 48.851845009478218] 0.000000000000000 [2.252101149998644, 48.851803666906690] 0.000000000000000 
[2.247070060128152, 48.858047333098646] 0.000000000000000 [2.247262608374023, 48.858015775357060] 0.000000000000000 [2.247674977039107, 48.857958633982811] 0.000000000000000 [2.247812914832735, 48.857941933903319] 0.000000000000000 [2.248310449069192, 48.857890962840948] 0.000000000000000 [2.248638529581432, 48.857868555280213] 0.000000000000000 [2.248783277853428, 48.857861481332357] 0.000000000000000 [2.249229652084998, 48.857840223918672] 0.000000000000000 [2.249572980665607, 48.857834200481371] 0.000000000000000 [2.249799471788058, 48.857835092696391] 0.000000000000000 [2.250195243512892, 48.857837030012632] 0.000000000000000 
[2.244880791562111, 48.858564420857078] 0.000000000000000 [2.246081976012789, 48.860371362171577] 0.000000000000000 
[2.252807424984753, 48.852985514176076] 0.000000000000000 [2.253171652107962, 48.853358764928593] 0.000000000000000 [2.253531479956913, 48.853636193969677] 0.000000000000000 
[2.250195243512892, 48.857837030012632] 0.000000000000000 [2.250233961634736, 48.857837221347609] 0.000000000000000 [2.250869272149961, 48.857860821607538] 0.000000000000000 [2.251356456152733, 48.857882409940743] 0.000000000000000 [2.251872664976323, 48.857915879326896] 0.000000000000000 [2.252320580207865, 48.857940941568501] 0.000000000000000 [2.252609336536695, 48.857960668759816] 0.000000000000000 
[2.250195243512892, 48.857837030012632] 0.000000000000000 [2.250385805303454, 48.857981148457448] 0.000000000000000 [2.250590331592721, 48.858098379518204] 0.000000000000000 [2.250798341434670, 48.858171710871815] 0.000000000000000 [2.251173476818460, 48.858286820706482] 0.000000000000000 [2.251299628525721, 48.858347707088278] 0.000000000000000 [2.251370902523882, 48.858405637387740] 0.000000000000000 
[2.229875658403934, 48.860894968144159] 0.000000000000000 [2.230043594506176, 48.861234008469701] 0.000000000000000 [2.230369445715572, 48.861693177994397] 0.000000000000000 
[2.229875658403934, 48.860894968144159] 0.000000000000000 [2.229851621569160, 48.861032120568154] 0.000000000000000 [2.229965348481609, 48.861354006647709] 0.000000000000000 [2.229932297993827, 48.861422617486475] 0.000000000000000 
[2.238756300393048, 48.861933712072180] 0.000000000000000 [2.238912614943422, 48.861811877311986] 0.000000000000000 
[2.230295418607356, 48.861994276880495] 0.000000000000000 [2.230369445715572, 48.861693177994397] 0.000000000000000 
[2.240066137325371, 48.859802337387656] 0.000000000000000 [2.240124068672550, 48.859966459804859] 0.000000000000000 [2.240220168278826, 48.860148806300757] 0.000000000000000 [2.240456466230565, 48.860397800171668] 0.000000000000000 [2.240732827510910, 48.860595009876256] 0.000000000000000 
[2.246081976012789, 48.860371362171577] 0.000000000000000 [2.248123979876591, 48.863462924509463] 0.000000000000000 
[2.253531479956913, 48.853636193969677] 0.000000000000000 [2.253516593374183, 48.853818367886539] 0.000000000000000 
[2.228424085948120, 48.857108793556748] 0.000000000000000 [2.226406117765885, 48.855501741344590] 0.000000000000000 [2.226213035608628, 48.855312391603938] 0.000000000000000 
[2.226327573556347, 48.852967223091170] 0.000000000000000 [2.226347802214655, 48.853320263648499] 0.000000000000000 [2.226251769832416, 48.853436878728125] 0.000000000000000 
[2.247070060128152, 48.858047333098646] 0.000000000000000 [2.247104268321704, 48.858129958540722] 0.000000000000000 [2.247379432710006, 48.858515181234814] 0.000000000000000 [2.247569142225372, 48.858850741913102] 0.000000000000000 [2.247703790599554, 48.859012743860177] 0.000000000000000 [2.247832370559134, 48.859146404636348] 0.000000000000000 [2.248212137767312, 48.859446203845849] 0.000000000000000 [2.248536828583900, 48.859673099204336] 0.000000000000000 [2.249082225493716, 48.859973032463770] 0.000000000000000 
[2.237894924611580, 48.850610966127540] 0.000000000000000 [2.237967302225546, 48.850614806049549] 0.000000000000000 [2.238143309855346, 48.850666612578650] 0.000000000000000 [2.238179072642650, 48.850724755067588] 0.000000000000000 [2.238387185452601, 48.851030562614604] 0.000000000000000 [2.238808929800356, 48.851667541196989] 0.000000000000000 [2.239176403775644, 48.852043376363490] 0.000000000000000 
[2.230452230452002, 48.852598505490960] 0.000000000000000 [2.231380554561619, 48.852199637772493] 0.000000000000000 [2.232480792692996, 48.851873131568475] 0.000000000000000 [2.233609772481530, 48.851623708740213] 0.000000000000000 [2.234738543452985, 48.851457727131432] 0.000000000000000 [2.235564213769343, 48.851387814504228] 0.000000000000000 [2.236120969438941, 48.851372084305112] 0.000000000000000 
[2.252609336536695, 48.857960668759816] 0.000000000000000 [2.253116389119004, 48.858009341317612] 0.000000000000000 [2.254044337214681, 48.858098407521688] 0.000000000000000 [2.255097919282350, 48.858211575319487] 0.000000000000000 [2.256297864682542, 48.858341293271437] 0.000000000000000 [2.256342148327373, 48.858346827933524] 0.000000000000000 
[2.240677792786848, 48.859313108094035] 0.000000000000000 [2.240939294412204, 48.857243057344704] 0.000000000000000 [2.241028721061451, 48.856488558719185] 0.000000000000000 [2.241093017361268, 48.856199647846225] 0.000000000000000 
[2.253915265424589, 48.852805901775177] 0.000000000000000 [2.253531479956913, 48.853636193969677] 0.000000000000000 
[2.243552345160146, 48.853539742123623] 0.000000000000000 [2.243603677938132, 48.853751051267295] 0.000000000000000 
[2.226434333374368, 48.853352109380687] 0.000000000000000 [2.226527178450686, 48.853425202145090] 0.000000000000000 [2.226655070401315, 48.853437385110368] 0.000000000000000 [2.226804974356230, 48.853418231451627] 0.000000000000000 [2.226888859876234, 48.853370857034527] 0.000000000000000 
[2.244488961628664, 48.853236664115428] 0.000000000000000 [2.244712543219385, 48.853127385421075] 0.000000000000000 [2.245196627394875, 48.852949276582862] 0.000000000000000 [2.245592154987175, 48.852839756037945] 0.000000000000000 [2.246050049823320, 48.852761155237012] 0.000000000000000 [2.246383004274352, 48.852730529394293] 0.000000000000000 [2.246887577011962, 48.852724066053341] 0.000000000000000 [2.247397292011041, 48.852751921216182] 0.000000000000000 [2.247668530785945, 48.852818778772438] 0.000000000000000 
[2.243667103993989, 48.856705981952565] 0.000000000000000 [2.244880791562111, 48.858564420857078] 0.000000000000000 
[2.253911478568249, 48.852209363957655] 0.000000000000000 [2.252298670065624, 48.851845009478218] 0.000000000000000 
[2.237127571827425, 48.851404531582943] 0.000000000000000 [2.237680264935173, 48.851478483682705] 0.000000000000000 [2.238168038521421, 48.851587988251637] 0.000000000000000 [2.238625854332398, 48.851742698409012] 0.000000000000000 [2.239176403775644, 48.852043376363490] 0.000000000000000 
[2.240732827510910, 48.860595009876256] 0.000000000000000 [2.240832271972137, 48.860613609972660] 0.000000000000000 [2.241450606695136, 48.860777400148784] 0.000000000000000 [2.241873072241537, 48.860865764577447] 0.000000000000000 [2.242430532687173, 48.860985443429911] 0.000000000000000 [2.242680910717661, 48.861040128100420] 0.000000000000000 [2.242939387718598, 48.861079396307424] 0.000000000000000 [2.243163650978309, 48.861091909307802] 0.000000000000000 [2.243459577066699, 48.861090092190359] 0.000000000000000 [2.243824666611314, 48.861099625103385] 0.000000000000000 [2.244030471459926, 48.861077760579384] 0.000000000000000 
[2.253911478568249, 48.852209363957655] 0.000000000000000 [2.253839545438983, 48.852574076250292] 0.000000000000000 [2.253915265424589, 48.852805901775177] 0.000000000000000 
[2.252101149998644, 48.851803666906690] 0.000000000000000 [2.252041363168912, 48.851375936371028] 0.000000000000000 [2.252007952442829, 48.850991911528645] 0.000000000000000 
[2.255631726313728, 48.855236519966155] 0.000000000000000 [2.255472596333252, 48.855118961830399] 0.000000000000000 [2.253986137321534, 48.854180667417644] 0.000000000000000 [2.253516593374183, 48.853818367886539] 0.000000000000000 
[2.253516593374183, 48.853818367886539] 0.000000000000000 [2.253018216442865, 48.853434101969150] 0.000000000000000 [2.252624238913090, 48.853030531754364] 0.000000000000000 
[2.256342148327373, 48.858346827933524] 0.000000000000000 [2.256810569203951, 48.858405384970048] 0.000000000000000 
[2.249456302534232, 48.860276735400383] 0.000000000000000 [2.249362308183942, 48.860288389717837] 0.000000000000000 [2.249301407019463, 48.860260699571640] 0.000000000000000 [2.249269709020465, 48.860227149808260] 0.000000000000000 [2.249291414918579, 48.860160970866872] 0.000000000000000 [2.249313031492873, 48.860145070005295] 0.000000000000000 
[2.237852424723330, 48.850432243768459] 0.000000000000000 [2.237894924611580, 48.850610966127540] 0.000000000000000 
[2.228617928912320, 48.857074670429839] 0.000000000000000 [2.228608666591311, 48.857310316764305] 0.000000000000000 
[2.246081976012789, 48.860371362171577] 0.000000000000000 [2.245438772159503, 48.860614364836131] 0.000000000000000 [2.245092594148318, 48.860720624445442] 0.000000000000000 [2.244382960847505, 48.860921697850131] 0.000000000000000 [2.244094417851267, 48.861035609567651] 0.000000000000000 [2.244030471459926, 48.861077760579384] 0.000000000000000 
[2.228528060712402, 48.856844262320138] 0.000000000000000 [2.228588801535779, 48.856932592780815] 0.000000000000000 [2.228617928912320, 48.857074670429839] 0.000000000000000 
[2.229412910880423, 48.862143854900836] 0.000000000000000 [2.229586717153105, 48.862169431096014] 0.000000000000000 [2.229821012241758, 48.862119039842632] 0.000000000000000 [2.230295418607356, 48.861994276880495] 0.000000000000000 
[2.249082225493716, 48.859973032463770] 0.000000000000000 [2.248744654493216, 48.860082043917529] 0.000000000000000 [2.248537793716802, 48.860134158933398] 0.000000000000000 [2.248339683871439, 48.860154581193811] 0.000000000000000 [2.247898043358357, 48.860154239139142] 0.000000000000000 [2.247493217525054, 48.860137736143358] 0.000000000000000 [2.247197307629040, 48.860125337244192] 0.000000000000000 [2.246953447352994, 48.860129219785470] 0.000000000000000 [2.246796300433975, 48.860145768299276] 0.000000000000000 [2.246566858551925, 48.860209858451007] 0.000000000000000 [2.246260004408707, 48.860294606332616] 0.000000000000000 [2.246081976012789, 48.860371362171577] 0.000000000000000 
[2.237894924611580, 48.850610966127540] 0.000000000000000 [2.237875023616732, 48.850757639536141] 0.000000000000000 [2.237789415428039, 48.850862924570031] 0.000000000000000 [2.237703910822877, 48.850916761883354] 0.000000000000000 [2.237599846237936, 48.850963227472192] 0.000000000000000 [2.237410243777526, 48.851085588639691] 0.000000000000000 [2.237309707576580, 48.851227631532765] 0.000000000000000 [2.237227710153844, 48.851379475101318] 0.000000000000000 [2.237127571827425, 48.851404531582943] 0.000000000000000 
[2.252807424984753, 48.852985514176076] 0.000000000000000 [2.253063890092343, 48.852944758099142] 0.000000000000000 [2.253640422213220, 48.852876636860408] 0.000000000000000 [2.253915265424589, 48.852805901775177] 0.000000000000000 
[2.237127571827425, 48.851404531582943] 0.000000000000000 [2.237152508656971, 48.851465407745565] 0.000000000000000 [2.237053491343496, 48.851542335108391] 0.000000000000000 
[2.236120969438941, 48.851372084305112] 0.000000000000000 [2.236423562010402, 48.851468770411017] 0.000000000000000 [2.236577328516880, 48.851529040599381] 0.000000000000000 [2.236674420357277, 48.851582578813094] 0.000000000000000 [2.236767366109859, 48.851678864387047] 0.000000000000000 [2.236807695806702, 48.851763090128060] 0.000000000000000 [2.236864285569084, 48.851886673318234] 0.000000000000000 
[2.255502039152653, 48.855372308225519] 0.000000000000000 [2.256084725194747, 48.856313094697086] 0.000000000000000 [2.256235973052737, 48.856588560317206] 0.000000000000000 [2.256288172465789, 48.856913595328997] 0.000000000000000 [2.256297720785077, 48.857328617748550] 0.000000000000000 [2.256318602650842, 48.857646796323301] 0.000000000000000 [2.256443375763607, 48.857854348013397] 0.000000000000000 [2.256831778728927, 48.858199942029252] 0.000000000000000 
[2.226276411907036, 48.853704878422185] 0.000000000000000 [2.226184582026345, 48.854387520459582] 0.000000000000000 [2.226163216990789, 48.854802336139166] 0.000000000000000 [2.226213035608628, 48.855312391603938] 0.000000000000000 
[2.229125703122266, 48.861578568178622] 0.000000000000000 [2.229025332911777, 48.861541801513170] 0.000000000000000 [2.228652251727607, 48.861127385311697] 0.000000000000000 
[2.238912614943422, 48.861811877311986] 0.000000000000000 [2.238871009756171, 48.861718559681762] 0.000000000000000 [2.238893185823683, 48.861594181827215] 0.000000000000000 [2.238932882637962, 48.861472705192007] 0.000000000000000 [2.238994617154809, 48.861296284742707] 0.000000000000000 [2.239078262263885, 48.861122777177947] 0.000000000000000 [2.239166301286100, 48.860946379045906] 0.000000000000000 [2.239311471315978, 48.860709273000296] 0.000000000000000 [2.239500549652332, 48.860431711090634] 0.000000000000000 [2.239619228497757, 48.860281380921080] 0.000000000000000 [2.239865312110717, 48.859998065800724] 0.000000000000000 [2.240066137325371, 48.859802337387656] 0.000000000000000 
[2.243552345160146, 48.853539742123623] 0.000000000000000 [2.243783598911282, 48.853454032064292] 0.000000000000000 [2.244488961628664, 48.853236664115428] 0.000000000000000 
[2.249727239790008, 48.850997119969612] 0.000000000000000 [2.249537694857030, 48.850903144540290] 0.000000000000000 
[2.229932297993827, 48.861422617486475] 0.000000000000000 [2.230121141678693, 48.861495923384972] 0.000000000000000 [2.230369445715572, 48.861693177994397] 0.000000000000000 
[2.240732827510910, 48.860595009876256] 0.000000000000000 [2.240684394600028, 48.860429817637332] 0.000000000000000 [2.240618907641520, 48.860288000310760] 0.000000000000000 [2.240584162895410, 48.860114401288683] 0.000000000000000 [2.240597611484525, 48.859961077450507] 0.000000000000000 [2.240637763291879, 48.859602380613261] 0.000000000000000 [2.240677792786848, 48.859313108094035] 0.000000000000000 
[2.251207290408060, 48.861677406462796] 0.000000000000000 [2.250830229802529, 48.861431908940695] 0.000000000000000 [2.250034678626561, 48.860827532822285] 0.000000000000000 [2.249946906942474, 48.860740451895865] 0.000000000000000 [2.249730375732001, 48.860546916099196] 0.000000000000000 [2.249456302534232, 48.860276735400383] 0.000000000000000 
[2.238892821529331, 48.857527319083559] 0.000000000000000 [2.238946284804737, 48.857500493893262] 0.000000000000000 [2.239140005975556, 48.857338241574880] 0.000000000000000 [2.239170206186098, 48.857303456505292] 0.000000000000000 [2.239326654709401, 48.856938969207278] 0.000000000000000 [2.239349412594916, 48.856862748114388] 0.000000000000000 [2.239352155126360, 48.856743416551048] 0.000000000000000 [2.239342367211932, 48.856612472795440] 0.000000000000000 [2.239310082285756, 48.856425162347833] 0.000000000000000 [2.239285462890289, 48.856171563579004] 0.000000000000000 [2.239279170626112, 48.855538431212508] 0.000000000000000 [2.239269510344915, 48.855342857149040] 0.000000000000000 [2.239204638474679, 48.855122371293895] 0.000000000000000 [2.239179946189660, 48.854906883185677] 0.000000000000000 [2.239228533431497, 48.854467717797959] 0.000000000000000 [2.239221616219876, 48.854152812602564] 0.000000000000000 [2.239182203580559, 48.853758320054411] 0.000000000000000 [2.239117660990531, 48.853372088305939] 0.000000000000000 [2.239008084072653, 48.852901294914659] 0.000000000000000 [2.239003266989239, 48.852793566133712] 0.000000000000000 [2.239023654878746, 48.852647730529348] 0.000000000000000 [2.239140117607717, 48.852173820846986] 0.000000000000000 [2.239160383606394, 48.852082678430882] 0.000000000000000 [2.239176403775644, 48.852043376363490] 0.000000000000000 
[2.251913854795782, 48.851760093654633] 0.000000000000000 [2.251879160760036, 48.851847188898653] 0.000000000000000 [2.251913402536796, 48.852024452894803] 0.000000000000000 [2.251924804528150, 48.852082698704791] 0.000000000000000 [2.251886243878381, 48.852191536179944] 0.000000000000000 [2.251843897963799, 48.852275066122886] 0.000000000000000 [2.251828498444087, 48.852307967524126] 0.000000000000000 [2.251793910372101, 48.852340855957607] 0.000000000000000 [2.251747795431253, 48.852381333983971] 0.000000000000000 [2.251617187118292, 48.852472396231178] 0.000000000000000 [2.251417493564654, 48.852576050726015] 0.000000000000000 [2.251179387313067, 48.852710061768818] 0.000000000000000 [2.250883635335497, 48.852892141308303] 0.000000000000000 [2.250591731910497, 48.853069159198725] 0.000000000000000 [2.250321548219573, 48.853199728081137] 0.000000000000000 [2.250139667590978, 48.853268133512572] 0.000000000000000 
[2.252007952442829, 48.850991911528645] 0.000000000000000 [2.251996326587371, 48.850857371062197] 0.000000000000000 [2.252043928773997, 48.850352193423412] 0.000000000000000 [2.252182992935975, 48.849757424828809] 0.000000000000000 [2.252347243351589, 48.849325623806365] 0.000000000000000 [2.252408706228965, 48.849240237927539] 0.000000000000000 
[2.236120969438941, 48.851372084305112] 0.000000000000000 [2.236907132708679, 48.851382756103632] 0.000000000000000 
[2.252624238913090, 48.853030531754364] 0.000000000000000 [2.252807424984753, 48.852985514176076] 0.000000000000000 
[2.229125703122266, 48.861578568178622] 0.000000000000000 [2.229159644486114, 48.861740110345352] 0.000000000000000 [2.229328527852766, 48.862062624607717] 0.000000000000000 [2.229412910880423, 48.862143854900836] 0.000000000000000 
[2.254033183902109, 48.852036647946520] 0.000000000000000 [2.254215242185786, 48.852174935074281] 0.000000000000000 [2.254238264269334, 48.852286075444184] 0.000000000000000 
[2.249313031492873, 48.860145070005295] 0.000000000000000 [2.249398149674507, 48.860127536705555] 0.000000000000000 [2.249465429076409, 48.860147705001765] 0.000000000000000 [2.249508524086413, 48.860194652886562] 0.000000000000000 [2.249502086935809, 48.860243254326079] 0.000000000000000 [2.249456302534232, 48.860276735400383] 0.000000000000000 
[2.253516593374183, 48.853818367886539] 0.000000000000000 [2.253573344458001, 48.854025602453405] 0.000000000000000 [2.253690690617840, 48.854180542814596] 0.000000000000000 [2.253866645193801, 48.854330759917161] 0.000000000000000 [2.254532794475622, 48.854805430601694] 0.000000000000000 [2.255418511414383, 48.855356871680407] 0.000000000000000 [2.255502039152653, 48.855372308225519] 0.000000000000000 
[2.226434333374368, 48.853352109380687] 0.000000000000000 [2.226501847696652, 48.853306985729027] 0.000000000000000 [2.226659076735319, 48.853278189828806] 0.000000000000000 [2.226783304481935, 48.853302437365940] 0.000000000000000 [2.226888859876234, 48.853370857034527] 0.000000000000000 
[2.255708518547895, 48.855103392028504] 0.000000000000000 [2.255631726313728, 48.855236519966155] 0.000000000000000 
[2.247668530785945, 48.852818778772438] 0.000000000000000 [2.247692128404179, 48.853102347529052] 0.000000000000000 [2.247691772781979, 48.853300476185602] 0.000000000000000 [2.247759464043299, 48.853602235564445] 0.000000000000000 [2.247820487040332, 48.853822930103505] 0.000000000000000 [2.247949751417978, 48.854039180739512] 0.000000000000000 [2.248065524213621, 48.854165339892582] 0.000000000000000 [2.248304040240487, 48.854345649995224] 0.000000000000000 [2.248494882446743, 48.854467380530842] 0.000000000000000 [2.248665263868398, 48.854593590606392] 0.000000000000000 [2.248781054795303, 48.854710756367524] 0.000000000000000 [2.248889961367613, 48.854868447253210] 0.000000000000000 [2.248937443402717, 48.855028339947097] 0.000000000000000 [2.248964469267841, 48.855181462411238] 0.000000000000000 [2.248984682557689, 48.855325569148498] 0.000000000000000 [2.249045889376569, 48.855447198153648] 0.000000000000000 [2.249154789239353, 48.855609394442453] 0.000000000000000 [2.249325115134644, 48.855762626203855] 0.000000000000000 [2.249481831100932, 48.855897835455487] 0.000000000000000 [2.249706767176540, 48.856042098935639] 0.000000000000000 [2.249883954690623, 48.856177322654815] 0.000000000000000 [2.250006469898246, 48.856357541154473] 0.000000000000000 [2.250067617146568, 48.856515185859955] 0.000000000000000 [2.250060506763783, 48.856677292572904] 0.000000000000000 [2.249998869238380, 48.856807829892595] 0.000000000000000 [2.249868851537911, 48.857012613385550] 0.000000000000000 [2.249800316527108, 48.857174674003417] 0.000000000000000 [2.249806875885335, 48.857327780066413] 0.000000000000000 [2.249861210372023, 48.857476418096560] 0.000000000000000 [2.249997447516259, 48.857620613065116] 0.000000000000000 [2.250195243512892, 48.857837030012632] 0.000000000000000 
[2.252007952442829, 48.850991911528645] 0.000000000000000 [2.251797926252956, 48.850297694320474] 0.000000000000000 [2.251724293880780, 48.850008611840366] 0.000000000000000 [2.251576658917820, 48.849734312408927] 0.000000000000000 [2.251361742887755, 48.849425610056905] 0.000000000000000 [2.251169508063807, 48.849249216605735] 0.000000000000000 [2.250946752046401, 48.849072701878747] 0.000000000000000 [2.250650705175355, 48.848886319398837] 0.000000000000000 [2.250309389318409, 48.848719604964671] 0.000000000000000 [2.250124063108371, 48.848577478421170] 0.000000000000000 
[2.241093017361268, 48.856199647846225] 0.000000000000000 [2.241342239230596, 48.856062950273490] 0.000000000000000 [2.241609354852619, 48.855875422068792] 0.000000000000000 [2.241757778395815, 48.855754287637289] 0.000000000000000 [2.241965648482844, 48.855539334819191] 0.000000000000000 [2.242191537544522, 48.855207041565222] 0.000000000000000 [2.242415359923480, 48.854828091918094] 0.000000000000000 
[2.249727239790008, 48.850997119969612] 0.000000000000000 [2.249828844275286, 48.850793151268519] 0.000000000000000 [2.249785658075976, 48.850708946236267] 0.000000000000000 [2.249762712251277, 48.850708127833443] 0.000000000000000 
[2.255708518547895, 48.855103392028504] 0.000000000000000 [2.257701833336812, 48.856575915991797] 0.000000000000000 
[2.226888859876234, 48.853370857034527] 0.000000000000000 [2.226946566412423, 48.853373241761858] 0.000000000000000 [2.227570017058885, 48.853373839741089] 0.000000000000000 [2.228085393331121, 48.853316507913398] 0.000000000000000 [2.228719360060319, 48.853181048627775] 0.000000000000000 [2.229827278984561, 48.852856283807220] 0.000000000000000 [2.230452230452002, 48.852598505490960] 0.000000000000000 
[2.229220115610020, 48.862195201559686] 0.000000000000000 [2.229572870723788, 48.862774928903640] 0.000000000000000 
[2.238959327586480, 48.857624470240815] 0.000000000000000 [2.239099476504264, 48.857926414721902] 0.000000000000000 [2.239166729188452, 48.858108396445289] 0.000000000000000 [2.239178118817977, 48.858193486392508] 0.000000000000000 [2.239221565187646, 48.858472137402643] 0.000000000000000 [2.239247540196476, 48.858681115284362] 0.000000000000000 [2.239326482314028, 48.858797270432646] 0.000000000000000 [2.239555889083103, 48.859037321674393] 0.000000000000000 [2.239836027830953, 48.859283466782323] 0.000000000000000 [2.239896256155414, 48.859366854022319] 0.000000000000000 [2.239917906250421, 48.859447024710640] 0.000000000000000 [2.239923203010282, 48.859546803697434] 0.000000000000000 [2.239953743931891, 48.859624940722739] 0.000000000000000 [2.240066137325371, 48.859802337387656] 0.000000000000000 
[2.226434333374368, 48.853352109380687] 0.000000000000000 [2.226443043390025, 48.853449239729954] 0.000000000000000 [2.226351275273009, 48.853627639243911] 0.000000000000000 [2.226276411907036, 48.853704878422185] 0.000000000000000 
[2.237756452077009, 48.850453464535029] 0.000000000000000 [2.237804277544349, 48.850667398717881] 0.000000000000000 
[2.249082225493716, 48.859973032463770] 0.000000000000000 [2.249313031492873, 48.860145070005295] 0.000000000000000 
[2.249762712251277, 48.850708127833443] 0.000000000000000 [2.249791936122582, 48.850276093555060] 0.000000000000000 [2.249751326217710, 48.850091449856215] 0.000000000000000 [2.249676682481742, 48.849857230027219] 0.000000000000000 [2.249581582804406, 48.849609488422580] 0.000000000000000 [2.249329936448137, 48.849149990610272] 0.000000000000000 [2.248969210908152, 48.848640875460880] 0.000000000000000 [2.248980062393893, 48.848368835254689] 0.000000000000000 
[2.226213035608628, 48.855312391603938] 0.000000000000000 [2.226481483103080, 48.856494544226933] 0.000000000000000 [2.226820207324613, 48.857389382445206] 0.000000000000000 [2.227904395435283, 48.859731689478259] 0.000000000000000 [2.228652251727607, 48.861127385311697] 0.000000000000000 
[2.237533756625509, 48.855313142217796] 0.000000000000000 [2.237537392804622, 48.856009815122690] 0.000000000000000 [2.237498147443595, 48.856485049334978] 0.000000000000000 [2.237399081133906, 48.857024349532388] 0.000000000000000 [2.237154277885330, 48.858062351027606] 0.000000000000000 [2.236959851756299, 48.859051655380227] 0.000000000000000 [2.236958934549869, 48.859067562823540] 0.000000000000000 
[2.240732827510910, 48.860595009876256] 0.000000000000000 [2.241154139274382, 48.860332307362725] 0.000000000000000 [2.241769106404850, 48.859968613784417] 0.000000000000000 [2.242129689387897, 48.859777375504954] 0.000000000000000 [2.242573095896757, 48.859535377975156] 0.000000000000000 [2.242942394045146, 48.859344946035321] 0.000000000000000 [2.243387371112370, 48.859132910365723] 0.000000000000000 [2.243768491358320, 48.858965406932228] 0.000000000000000 [2.244103453811039, 48.858831057928754] 0.000000000000000 [2.244181070561633, 48.858801624669823] 0.000000000000000 [2.244502366143290, 48.858686777189988] 0.000000000000000 [2.244880791562111, 48.858564420857078] 0.000000000000000 
[2.243603677938132, 48.853751051267295] 0.000000000000000 [2.243748703066695, 48.854280726681658] 0.000000000000000 [2.243944425847133, 48.854607691548779] 0.000000000000000 [2.244385993894767, 48.855110817408026] 0.000000000000000 [2.244820405286523, 48.855598540468641] 0.000000000000000 
[2.230763922416317, 48.862538865228956] 0.000000000000000 [2.231272481936382, 48.862980529831177] 0.000000000000000 [2.231768407471717, 48.863329727091845] 0.000000000000000 [2.232232907684483, 48.863594900407982] 0.000000000000000 [2.232557584917235, 48.863721706687365] 0.000000000000000 
[2.230369445715572, 48.861693177994397] 0.000000000000000 [2.230732905498897, 48.862415590401895] 0.000000000000000 [2.230763922416317, 48.862538865228956] 0.000000000000000 
[2.228944944859626, 48.861742974900977] 0.000000000000000 [2.229125703122266, 48.861578568178622] 0.000000000000000 
[2.253531479956913, 48.853636193969677] 0.000000000000000 [2.254124342470652, 48.854094077643609] 0.000000000000000 [2.255610788390349, 48.855031380133376] 0.000000000000000 [2.255708518547895, 48.855103392028504] 0.000000000000000 
[2.247668530785945, 48.852818778772438] 0.000000000000000 [2.247995676901141, 48.852865534639605] 0.000000000000000 [2.249802217459428, 48.853219899751728] 0.000000000000000 [2.250139667590978, 48.853268133512572] 0.000000000000000 
[2.239176403775644, 48.852043376363490] 0.000000000000000 [2.239228901299723, 48.852026109571426] 0.000000000000000 [2.239215928586283, 48.851956845126423] 0.000000000000000 [2.239216302543964, 48.851766387765338] 0.000000000000000 [2.239219106335280, 48.851656957174526] 0.000000000000000 [2.239262841197379, 48.851446132296871] 0.000000000000000 [2.239342016980025, 48.851208134369529] 0.000000000000000 [2.239427635782280, 48.851026409332583] 0.000000000000000 [2.239578621949116, 48.850746440877067] 0.000000000000000 [2.239704250530977, 48.850437979160709] 0.000000000000000 [2.239874775939250, 48.850373528432627] 0.000000000000000 [2.240262097334495, 48.850260988169680] 0.000000000000000 [2.240550839472244, 48.850178993045162] 0.000000000000000 [2.240760881557033, 48.850092605374549] 0.000000000000000 [2.240964418068124, 48.849980231998458] 0.000000000000000 [2.241259991566093, 48.849759734469878] 0.000000000000000 [2.241640348433223, 48.849380782408737] 0.000000000000000 [2.241874173979610, 48.849081653121459] 0.000000000000000 [2.242056729517583, 48.848921813808218] 0.000000000000000 
