[2.410328352665765, 48.878276958353396] 0.000000000000000 [2.410403504988166, 48.878249787472313] 0.000000000000000 [2.410749478935487, 48.878355418180881] 0.000000000000000 
[2.409549436567836, 48.877914734015668] 0.000000000000000 [2.409871639900907, 48.877395457532380] 0.000000000000000 [2.410148514855217, 48.877199732296212] 0.000000000000000 
[2.411499617320874, 48.877372776668139] 0.000000000000000 [2.411655738934100, 48.877417746072013] 0.000000000000000 
[2.409549436567836, 48.877914734015668] 0.000000000000000 [2.409462658080594, 48.878028826489796] 0.000000000000000 
[2.410656494757363, 48.878448147956369] 0.000000000000000 [2.410790448065069, 48.878483025856589] 0.000000000000000 
[2.411499617320874, 48.877372776668139] 0.000000000000000 [2.410782648103839, 48.878280018977392] 0.000000000000000 [2.410749478935487, 48.878355418180881] 0.000000000000000 
[2.409549436567836, 48.877914734015668] 0.000000000000000 [2.409652939576151, 48.878040935540376] 0.000000000000000 [2.410264544931414, 48.878221127601208] 0.000000000000000 [2.410328352665765, 48.878276958353396] 0.000000000000000 
[2.412005504959339, 48.876786027432182] 0.000000000000000 [2.411928596992984, 48.876849764644099] 0.000000000000000 [2.411499617320874, 48.877372776668139] 0.000000000000000 
[2.410749478935487, 48.878355418180881] 0.000000000000000 [2.410866946075481, 48.878388848771692] 0.000000000000000 
[2.410328352665765, 48.878276958353396] 0.000000000000000 [2.410327384254106, 48.878350447593462] 0.000000000000000 [2.410656494757363, 48.878448147956369] 0.000000000000000 
[2.409964626171689, 48.879330189421680] 0.000000000000000 [2.409828287567539, 48.879445977599637] 0.000000000000000 [2.408741660172337, 48.879700631252554] 0.000000000000000 [2.408493577207362, 48.879756569714857] 0.000000000000000 [2.408386258357657, 48.879746205278153] 0.000000000000000 
[2.410721974475200, 48.878389770236801] 0.000000000000000 [2.410656494757363, 48.878448147956369] 0.000000000000000 
[2.412005504959339, 48.876786027432182] 0.000000000000000 [2.412190310794473, 48.876759610690947] 0.000000000000000 
[2.410148514855217, 48.877199732296212] 0.000000000000000 [2.411541306772752, 48.876880054777970] 0.000000000000000 [2.412005504959339, 48.876786027432182] 0.000000000000000 
[2.410656494757363, 48.878448147956369] 0.000000000000000 [2.409964626171689, 48.879330189421680] 0.000000000000000 
[2.410148514855217, 48.877199732296212] 0.000000000000000 [2.410245754369856, 48.877052944409428] 0.000000000000000 [2.411189829552378, 48.875665038728364] 0.000000000000000 
[2.410749478935487, 48.878355418180881] 0.000000000000000 [2.410721974475200, 48.878389770236801] 0.000000000000000 
[2.412430292553584, 48.876014212952228] 0.000000000000000 [2.412344844596092, 48.876342083102990] 0.000000000000000 [2.412005504959339, 48.876786027432182] 0.000000000000000 
