[2.409621915097127, 48.859036908926043] 0.000000000000000 [2.409318686452921, 48.860462093353121] 0.000000000000000 [2.409353103910509, 48.860605551031121] 0.000000000000000 
[2.410838626892436, 48.855599517937918] 0.000000000000000 [2.410925454715202, 48.855639146139765] 0.000000000000000 [2.411326343792215, 48.855983001993607] 0.000000000000000 
[2.412894717313759, 48.861032728697460] 0.000000000000000 [2.412900783195668, 48.861033543581712] 0.000000000000000 [2.412987234745159, 48.861033593543652] 0.000000000000000 
[2.411632883786109, 48.852797928421403] 0.000000000000000 [2.411517165325256, 48.852990980166247] 0.000000000000000 [2.411415020301596, 48.853640413562047] 0.000000000000000 
[2.409690955809221, 48.858634033929711] 0.000000000000000 [2.409157595438399, 48.858399573179256] 0.000000000000000 
[2.410172537912439, 48.855907032731615] 0.000000000000000 [2.410099451930551, 48.855991557277939] 0.000000000000000 [2.410081985404478, 48.856208555406035] 0.000000000000000 [2.410119420863230, 48.856300140515302] 0.000000000000000 
[2.410340199335449, 48.854989629447090] 0.000000000000000 [2.410180929589822, 48.855442029989341] 0.000000000000000 [2.410244297878013, 48.855497007326839] 0.000000000000000 
[2.415168208459023, 48.851689346332272] 0.000000000000000 [2.415039845250904, 48.852385834145473] 0.000000000000000 [2.414995866076570, 48.852582715042494] 0.000000000000000 [2.414965776617677, 48.852947212449855] 0.000000000000000 [2.414896339990056, 48.853160388144076] 0.000000000000000 [2.414551464355829, 48.853792095033668] 0.000000000000000 
[2.410412120255579, 48.851013680026604] 0.000000000000000 [2.410394139269481, 48.851128987976516] 0.000000000000000 [2.410276273490253, 48.851206923086743] 0.000000000000000 
[2.410119420863230, 48.856300140515302] 0.000000000000000 [2.410292030520642, 48.856306720118397] 0.000000000000000 [2.410379841771354, 48.856346950699439] 0.000000000000000 [2.411180842759260, 48.856982902069461] 0.000000000000000 
[2.413413135584799, 48.854571907760565] 0.000000000000000 [2.413494941246845, 48.854597751298115] 0.000000000000000 [2.413598818828941, 48.854620433820379] 0.000000000000000 [2.413706227060435, 48.854634210227232] 0.000000000000000 [2.413784592213361, 48.854638204152209] 0.000000000000000 
[2.411316541987188, 48.854174485413601] 0.000000000000000 [2.411165104534437, 48.855055154805441] 0.000000000000000 
[2.409689214664978, 48.853338564147109] 0.000000000000000 [2.409392045605307, 48.853929847483620] 0.000000000000000 [2.408991198888180, 48.854734062648660] 0.000000000000000 
[2.411019061662378, 48.851294733114862] 0.000000000000000 [2.411772961483705, 48.851340552121023] 0.000000000000000 [2.411892942280508, 48.851293720083376] 0.000000000000000 
[2.411180842759260, 48.856982902069461] 0.000000000000000 [2.411228002151819, 48.857041351451144] 0.000000000000000 [2.411380648937587, 48.857056359736703] 0.000000000000000 [2.411494831030342, 48.857077885082965] 0.000000000000000 
[2.412097218767575, 48.854641398604691] 0.000000000000000 [2.412061992429178, 48.854840466934313] 0.000000000000000 [2.412121580589450, 48.855413966622116] 0.000000000000000 [2.412065909530695, 48.855603687289680] 0.000000000000000 
[2.414262693287993, 48.857833391730267] 0.000000000000000 [2.414427399510308, 48.857828306213833] 0.000000000000000 [2.414467146689641, 48.858252117130178] 0.000000000000000 [2.414663405893172, 48.858221641594753] 0.000000000000000 
[2.414131424648134, 48.856401267604284] 0.000000000000000 [2.414262693287993, 48.857833391730267] 0.000000000000000 
[2.410779307812020, 48.852725365891743] 0.000000000000000 [2.411632883786109, 48.852797928421403] 0.000000000000000 
[2.409903133503294, 48.857503149711640] 0.000000000000000 [2.410800125812838, 48.857572804556256] 0.000000000000000 
[2.414652639917015, 48.854179433654444] 0.000000000000000 [2.414795358844587, 48.854291898148198] 0.000000000000000 [2.415169691437541, 48.854350004973220] 0.000000000000000 [2.415306033974000, 48.854323139556207] 0.000000000000000 
[2.415695335291598, 48.852119636928833] 0.000000000000000 [2.415836371481299, 48.852134881545560] 0.000000000000000 
[2.410276273490253, 48.851206923086743] 0.000000000000000 [2.410054083580567, 48.851313378365134] 0.000000000000000 [2.410259196318860, 48.851473173396073] 0.000000000000000 
[2.415892897026216, 48.851001386157648] 0.000000000000000 [2.415846249105635, 48.851265436896057] 0.000000000000000 
[2.413969367166888, 48.854628186669409] 0.000000000000000 [2.414131424648134, 48.856401267604284] 0.000000000000000 
[2.414044258344170, 48.853533088569868] 0.000000000000000 [2.414625096009089, 48.852422627983472] 0.000000000000000 [2.414994370401812, 48.851628045832896] 0.000000000000000 
[2.415306033974000, 48.854323139556207] 0.000000000000000 [2.415178932265583, 48.855157322049251] 0.000000000000000 
[2.414364378045105, 48.854505078060299] 0.000000000000000 [2.414409446531732, 48.854479508045728] 0.000000000000000 [2.414482679994375, 48.854426041380123] 0.000000000000000 [2.414545546183676, 48.854366735743561] 0.000000000000000 [2.414595732442207, 48.854302673443513] 0.000000000000000 [2.414633920045955, 48.854234841714081] 0.000000000000000 [2.414652639917015, 48.854179433654444] 0.000000000000000 
[2.415695335291598, 48.852119636928833] 0.000000000000000 [2.415390304216916, 48.853846213581242] 0.000000000000000 
[2.413766628207081, 48.861277835135468] 0.000000000000000 [2.414057610062709, 48.859337361747166] 0.000000000000000 [2.414094404774654, 48.858367198468024] 0.000000000000000 [2.414073972045403, 48.857846450839908] 0.000000000000000 
[2.414221488999951, 48.853580629814310] 0.000000000000000 [2.413969367166888, 48.854628186669409] 0.000000000000000 
[2.411019061662378, 48.851294733114862] 0.000000000000000 [2.411056232094436, 48.851393322978126] 0.000000000000000 [2.410779307812020, 48.852725365891743] 0.000000000000000 
[2.409621915097127, 48.859036908926043] 0.000000000000000 [2.409444787869749, 48.860474252475782] 0.000000000000000 [2.409353103910509, 48.860605551031121] 0.000000000000000 
[2.413649048377731, 48.853521755266499] 0.000000000000000 [2.414994370401812, 48.851628045832896] 0.000000000000000 
[2.410451221286263, 48.851368518015114] 0.000000000000000 [2.410259196318860, 48.851473173396073] 0.000000000000000 
[2.414062565960331, 48.862553158309908] 0.000000000000000 [2.414022154258296, 48.861788271351962] 0.000000000000000 [2.413959999073628, 48.861257381487007] 0.000000000000000 
[2.410268320958447, 48.856003175506849] 0.000000000000000 [2.410516764654960, 48.855896388155358] 0.000000000000000 [2.410603263467346, 48.855777529409799] 0.000000000000000 
[2.412391574933335, 48.853291211765082] 0.000000000000000 [2.412506589693100, 48.853291495037681] 0.000000000000000 [2.413196190975127, 48.853686446174329] 0.000000000000000 
[2.414663405893172, 48.858221641594753] 0.000000000000000 [2.414635895605669, 48.858443422010183] 0.000000000000000 [2.414707589346533, 48.858630745413514] 0.000000000000000 
[2.414073972045403, 48.857846450839908] 0.000000000000000 [2.413940634143286, 48.856404274268534] 0.000000000000000 
[2.411193775979381, 48.855328766644753] 0.000000000000000 [2.411482220627675, 48.855108201623118] 0.000000000000000 
[2.410340199335449, 48.854989629447090] 0.000000000000000 [2.411165104534437, 48.855055154805441] 0.000000000000000 
[2.414073972045403, 48.857846450839908] 0.000000000000000 [2.414262693287993, 48.857833391730267] 0.000000000000000 
[2.410425227597119, 48.854539801811264] 0.000000000000000 [2.410340199335449, 48.854989629447090] 0.000000000000000 
[2.410637375661296, 48.853504319522500] 0.000000000000000 [2.410920046907893, 48.853494190838681] 0.000000000000000 [2.411415020301596, 48.853640413562047] 0.000000000000000 
[2.411019061662378, 48.851294733114862] 0.000000000000000 [2.410919337579137, 48.851375345576557] 0.000000000000000 [2.410779307812020, 48.852725365891743] 0.000000000000000 
[2.409689214664978, 48.853338564147109] 0.000000000000000 [2.410637375661296, 48.853504319522500] 0.000000000000000 
[2.409903133503294, 48.857503149711640] 0.000000000000000 [2.409690955809221, 48.858634033929711] 0.000000000000000 
[2.414364378045105, 48.854505078060299] 0.000000000000000 [2.414236179628201, 48.855845803824963] 0.000000000000000 [2.414131424648134, 48.856401267604284] 0.000000000000000 
[2.412993911538277, 48.853922371947085] 0.000000000000000 [2.412981144188325, 48.853950087471439] 0.000000000000000 [2.412964218194202, 48.854021401862049] 0.000000000000000 [2.412960103775334, 48.854093616393676] 0.000000000000000 [2.412971252429741, 48.854165551458372] 0.000000000000000 [2.412995207531422, 48.854235948504211] 0.000000000000000 [2.413033604457757, 48.854303728234555] 0.000000000000000 [2.413044801192274, 48.854317569258086] 0.000000000000000 
[2.415178932265583, 48.855157322049251] 0.000000000000000 [2.415305213009071, 48.855178341747163] 0.000000000000000 
[2.412097218767575, 48.854641398604691] 0.000000000000000 [2.413044801192274, 48.854317569258086] 0.000000000000000 
[2.413044801192274, 48.854317569258086] 0.000000000000000 [2.413083988264563, 48.854367722932615] 0.000000000000000 [2.413147175586291, 48.854426942809901] 0.000000000000000 [2.413220436491605, 48.854480310531677] 0.000000000000000 [2.413304046205252, 48.854527107052412] 0.000000000000000 [2.413396093546236, 48.854566523462182] 0.000000000000000 [2.413413135584799, 48.854571907760565] 0.000000000000000 
[2.411316541987188, 48.854174485413601] 0.000000000000000 [2.412028840941491, 48.854229170428759] 0.000000000000000 
[2.411285121051737, 48.849787383341891] 0.000000000000000 [2.411014923483930, 48.849786596744259] 0.000000000000000 [2.410586303563302, 48.850023806992432] 0.000000000000000 [2.410412120255579, 48.851013680026604] 0.000000000000000 
[2.410259196318860, 48.851473173396073] 0.000000000000000 [2.409978046635307, 48.851620681915122] 0.000000000000000 
[2.413744274863722, 48.862620018684403] 0.000000000000000 [2.413846443369914, 48.862883626645292] 0.000000000000000 [2.413906025978635, 48.863222820509584] 0.000000000000000 [2.413934223089551, 48.863529246879310] 0.000000000000000 
[2.415306033974000, 48.854323139556207] 0.000000000000000 [2.415345964496876, 48.854367473737042] 0.000000000000000 [2.415443767752496, 48.854383871818825] 0.000000000000000 
[2.412874025178199, 48.849987492925386] 0.000000000000000 [2.412711776734059, 48.850749223816713] 0.000000000000000 [2.412687929507731, 48.851026729035269] 0.000000000000000 
[2.411487008126014, 48.857214085752140] 0.000000000000000 [2.411566261671832, 48.858671921283452] 0.000000000000000 [2.411536994749289, 48.858831669961930] 0.000000000000000 
[2.412028840941491, 48.854229170428759] 0.000000000000000 [2.412060642512500, 48.854497259442347] 0.000000000000000 [2.412097218767575, 48.854641398604691] 0.000000000000000 
[2.411536994749289, 48.858831669961930] 0.000000000000000 [2.411233597770852, 48.860471166418641] 0.000000000000000 [2.411219678042698, 48.860724132490027] 0.000000000000000 
[2.415306033974000, 48.854323139556207] 0.000000000000000 [2.415418319200520, 48.854328215491407] 0.000000000000000 [2.415451777319640, 48.854337949800652] 0.000000000000000 
[2.414994370401812, 48.851628045832896] 0.000000000000000 [2.415098002429173, 48.851411707574414] 0.000000000000000 [2.415186771285857, 48.851014787101384] 0.000000000000000 [2.415191180867383, 48.850612277469473] 0.000000000000000 [2.414932777893805, 48.849280349771647] 0.000000000000000 
[2.414652639917015, 48.854179433654444] 0.000000000000000 [2.415127225533978, 48.854236275481639] 0.000000000000000 
[2.411285121051737, 48.849787383341891] 0.000000000000000 [2.411055358230075, 48.851053442518783] 0.000000000000000 [2.411019061662378, 48.851294733114862] 0.000000000000000 
[2.410603263467346, 48.855777529409799] 0.000000000000000 [2.410838626892436, 48.855599517937918] 0.000000000000000 
[2.414262693287993, 48.857833391730267] 0.000000000000000 [2.414287722551419, 48.858320305107945] 0.000000000000000 [2.414248427992765, 48.859345236142161] 0.000000000000000 [2.413959999073628, 48.861257381487007] 0.000000000000000 
[2.410244297878013, 48.855497007326839] 0.000000000000000 [2.410303305868885, 48.855616096459393] 0.000000000000000 [2.410285768068834, 48.855774451538309] 0.000000000000000 [2.410172537912439, 48.855907032731615] 0.000000000000000 
[2.413969367166888, 48.854628186669409] 0.000000000000000 [2.414031496907449, 48.854620141397639] 0.000000000000000 [2.414135440744827, 48.854597319503370] 0.000000000000000 [2.414234192566345, 48.854565957081995] 0.000000000000000 [2.414326118267191, 48.854526416678617] 0.000000000000000 [2.414364378045105, 48.854505078060299] 0.000000000000000 
[2.414221488999951, 48.853580629814310] 0.000000000000000 [2.414183991655145, 48.853566815718075] 0.000000000000000 [2.414082697744005, 48.853539717035233] 0.000000000000000 [2.414044258344170, 48.853533088569868] 0.000000000000000 
[2.415178932265583, 48.855157322049251] 0.000000000000000 [2.415010451070887, 48.856164877991993] 0.000000000000000 
[2.415990409300355, 48.851267423102115] 0.000000000000000 [2.415846249105635, 48.851265436896057] 0.000000000000000 
[2.411487008126014, 48.857214085752140] 0.000000000000000 [2.411741767428281, 48.857243415063678] 0.000000000000000 [2.412061190820982, 48.857334787221767] 0.000000000000000 [2.412673977547973, 48.857540845164507] 0.000000000000000 [2.413173552037472, 48.857716222122903] 0.000000000000000 [2.413509923015262, 48.857825815937673] 0.000000000000000 [2.413746308730416, 48.857860800403849] 0.000000000000000 [2.414073972045403, 48.857846450839908] 0.000000000000000 
[2.410800125812838, 48.857572804556256] 0.000000000000000 [2.410610255925016, 48.858753585970348] 0.000000000000000 
[2.410939625309962, 48.862578620837411] 0.000000000000000 [2.410889486321990, 48.862737689601573] 0.000000000000000 [2.410771848054013, 48.863363545342480] 0.000000000000000 [2.410756206955637, 48.863523788349674] 0.000000000000000 
[2.410515230104340, 48.854110339898590] 0.000000000000000 [2.410425227597119, 48.854539801811264] 0.000000000000000 
[2.411494831030342, 48.857077885082965] 0.000000000000000 [2.411487008126014, 48.857214085752140] 0.000000000000000 
[2.412065909530695, 48.855603687289680] 0.000000000000000 [2.411864452994875, 48.856258951249259] 0.000000000000000 [2.411505244085945, 48.856923167018017] 0.000000000000000 [2.411494831030342, 48.857077885082965] 0.000000000000000 
[2.409724868036719, 48.855541224761993] 0.000000000000000 [2.409840828135527, 48.855625862277719] 0.000000000000000 [2.409980764851795, 48.855796185340814] 0.000000000000000 [2.410172537912439, 48.855907032731615] 0.000000000000000 
[2.414652639917015, 48.854179433654444] 0.000000000000000 [2.414657657717787, 48.854164412115892] 0.000000000000000 [2.414668583820426, 48.854092462895117] 0.000000000000000 [2.414664247470099, 48.854020253743045] 0.000000000000000 [2.414647100903837, 48.853948962208662] 0.000000000000000 [2.414615513635435, 48.853879730575549] 0.000000000000000 [2.414571120987198, 48.853813664037773] 0.000000000000000 [2.414551464355829, 48.853792095033668] 0.000000000000000 
[2.410244035153009, 48.860677426232627] 0.000000000000000 [2.411072555649370, 48.860737717106176] 0.000000000000000 [2.411219678042698, 48.860724132490027] 0.000000000000000 
[2.412391574933335, 48.853291211765082] 0.000000000000000 [2.412295967145972, 48.853364620086957] 0.000000000000000 [2.412214598814622, 48.853472271718132] 0.000000000000000 [2.412015056572140, 48.853745504414185] 0.000000000000000 
[2.411892942280508, 48.851293720083376] 0.000000000000000 [2.412687929507731, 48.851026729035269] 0.000000000000000 
[2.412687929507731, 48.851026729035269] 0.000000000000000 [2.412686685724621, 48.851194517398817] 0.000000000000000 [2.412738454756729, 48.852044998820979] 0.000000000000000 [2.412498955685499, 48.852831637673106] 0.000000000000000 [2.412391574933335, 48.853291211765082] 0.000000000000000 
[2.412015056572140, 48.853745504414185] 0.000000000000000 [2.412993911538277, 48.853922371947085] 0.000000000000000 
[2.411415020301596, 48.853640413562047] 0.000000000000000 [2.412015056572140, 48.853745504414185] 0.000000000000000 
[2.410637375661296, 48.853504319522500] 0.000000000000000 [2.410862433068481, 48.853596861890196] 0.000000000000000 [2.411415020301596, 48.853640413562047] 0.000000000000000 
[2.410515230104340, 48.854110339898590] 0.000000000000000 [2.411316541987188, 48.854174485413601] 0.000000000000000 
[2.410172537912439, 48.855907032731615] 0.000000000000000 [2.410434921323298, 48.855798420228652] 0.000000000000000 [2.410603263467346, 48.855777529409799] 0.000000000000000 
[2.410340199335449, 48.854989629447090] 0.000000000000000 [2.410338373358781, 48.855460849546013] 0.000000000000000 [2.410244297878013, 48.855497007326839] 0.000000000000000 
[2.413959999073628, 48.861257381487007] 0.000000000000000 [2.413744274863722, 48.862620018684403] 0.000000000000000 
[2.415846249105635, 48.851265436896057] 0.000000000000000 [2.415695335291598, 48.852119636928833] 0.000000000000000 
[2.409690955809221, 48.858634033929711] 0.000000000000000 [2.409734337411620, 48.858783987850124] 0.000000000000000 [2.409621915097127, 48.859036908926043] 0.000000000000000 
[2.415390304216916, 48.853846213581242] 0.000000000000000 [2.415306033974000, 48.854323139556207] 0.000000000000000 
[2.410119420863230, 48.856300140515302] 0.000000000000000 [2.410143456103340, 48.856473001810961] 0.000000000000000 [2.409903133503294, 48.857503149711640] 0.000000000000000 
[2.414494401037160, 48.849860564943292] 0.000000000000000 [2.414548475479856, 48.850126389905611] 0.000000000000000 
[2.410268320958447, 48.856003175506849] 0.000000000000000 [2.410243248530693, 48.856079549447060] 0.000000000000000 [2.410219532224732, 48.856234419611560] 0.000000000000000 [2.410119420863230, 48.856300140515302] 0.000000000000000 
[2.410276273490253, 48.851206923086743] 0.000000000000000 [2.410451221286263, 48.851368518015114] 0.000000000000000 
[2.410637375661296, 48.853504319522500] 0.000000000000000 [2.410680309773306, 48.853638032063131] 0.000000000000000 [2.410515230104340, 48.854110339898590] 0.000000000000000 
[2.411180842759260, 48.856982902069461] 0.000000000000000 [2.410875439596114, 48.857171409031587] 0.000000000000000 [2.410800125812838, 48.857572804556256] 0.000000000000000 
[2.410425227597119, 48.854539801811264] 0.000000000000000 [2.409509815004915, 48.855258279587801] 0.000000000000000 
[2.413649048377731, 48.853521755266499] 0.000000000000000 [2.413544418419595, 48.853540080244514] 0.000000000000000 [2.413443072022633, 48.853567315780843] 0.000000000000000 [2.413347735438155, 48.853602802537395] 0.000000000000000 [2.413260041913482, 48.853646124943808] 0.000000000000000 [2.413196190975127, 48.853686446174329] 0.000000000000000 
[2.413784592213361, 48.854638204152209] 0.000000000000000 [2.413924269082557, 48.854634062465237] 0.000000000000000 [2.413969367166888, 48.854628186669409] 0.000000000000000 
[2.410939625309962, 48.862578620837411] 0.000000000000000 [2.411064379958072, 48.862643358742858] 0.000000000000000 [2.411131864615311, 48.862754798100148] 0.000000000000000 [2.411203442239430, 48.863116314735038] 0.000000000000000 [2.411152998341648, 48.863317218450604] 0.000000000000000 
[2.409724868036719, 48.855541224761993] 0.000000000000000 [2.410244297878013, 48.855497007326839] 0.000000000000000 
[2.413196190975127, 48.853686446174329] 0.000000000000000 [2.413180942314054, 48.853696348759854] 0.000000000000000 [2.413112892485466, 48.853752869094457] 0.000000000000000 [2.413056705055431, 48.853814686279250] 0.000000000000000 [2.413012517921248, 48.853880812622940] 0.000000000000000 [2.412993911538277, 48.853922371947085] 0.000000000000000 
[2.410119420863230, 48.856300140515302] 0.000000000000000 [2.410006042945505, 48.856445391655313] 0.000000000000000 [2.409903133503294, 48.857503149711640] 0.000000000000000 
[2.413784592213361, 48.854638204152209] 0.000000000000000 [2.414044258344170, 48.853533088569868] 0.000000000000000 
[2.410610255925016, 48.858753585970348] 0.000000000000000 [2.410556481136053, 48.858848862933719] 0.000000000000000 [2.410473918275059, 48.859291926334734] 0.000000000000000 [2.410435118783155, 48.859321240860517] 0.000000000000000 [2.410418612914979, 48.859421934602807] 0.000000000000000 [2.410377041472852, 48.859447590410333] 0.000000000000000 [2.410349531104407, 48.859608695477498] 0.000000000000000 [2.410180281041335, 48.859595990072926] 0.000000000000000 [2.410144225730039, 48.859610662321145] 0.000000000000000 [2.409997260258071, 48.859663840887130] 0.000000000000000 [2.409986223376406, 48.859702291864295] 0.000000000000000 [2.410130620700014, 48.859784582251493] 0.000000000000000 [2.410308213097467, 48.859806428385959] 0.000000000000000 [2.410291779750392, 48.859956554829623] 0.000000000000000 [2.410316793407757, 48.859987653268711] 0.000000000000000 [2.410303094900777, 48.860097499895254] 0.000000000000000 [2.410328114808062, 48.860132267678409] 0.000000000000000 [2.410256614397503, 48.860566178373212] 0.000000000000000 [2.410244035153009, 48.860677426232627] 0.000000000000000 
[2.413940634143286, 48.856404274268534] 0.000000000000000 [2.413670709671203, 48.855905277248873] 0.000000000000000 [2.413608026825601, 48.855644071507399] 0.000000000000000 [2.413413135584799, 48.854571907760565] 0.000000000000000 
[2.411219678042698, 48.860724132490027] 0.000000000000000 [2.411499111215703, 48.860745532618850] 0.000000000000000 [2.411978862836591, 48.860834785352836] 0.000000000000000 [2.412394757360466, 48.860965894578797] 0.000000000000000 [2.412894717313759, 48.861032728697460] 0.000000000000000 
[2.410637375661296, 48.853504319522500] 0.000000000000000 [2.410542525155783, 48.853611728240729] 0.000000000000000 [2.410515230104340, 48.854110339898590] 0.000000000000000 
[2.410709201144765, 48.853051129063665] 0.000000000000000 [2.410719931505853, 48.853385832253004] 0.000000000000000 [2.410637375661296, 48.853504319522500] 0.000000000000000 
[2.414044258344170, 48.853533088569868] 0.000000000000000 [2.413977058064547, 48.853521443869582] 0.000000000000000 [2.413868025264555, 48.853512353421351] 0.000000000000000 [2.413759006600380, 48.853512427300828] 0.000000000000000 [2.413650002024724, 48.853521664608778] 0.000000000000000 [2.413649048377731, 48.853521755266499] 0.000000000000000 
[2.411019061662378, 48.851294733114862] 0.000000000000000 [2.410888463645515, 48.851222255465942] 0.000000000000000 [2.410768458766982, 48.851207396351278] 0.000000000000000 [2.410451221286263, 48.851368518015114] 0.000000000000000 
[2.411165104534437, 48.855055154805441] 0.000000000000000 [2.411482220627675, 48.855108201623118] 0.000000000000000 
[2.415127225533978, 48.854236275481639] 0.000000000000000 [2.415211045569174, 48.854155643155387] 0.000000000000000 [2.415390304216916, 48.853846213581242] 0.000000000000000 
[2.411482220627675, 48.855108201623118] 0.000000000000000 [2.412097218767575, 48.854641398604691] 0.000000000000000 
[2.410838626892436, 48.855599517937918] 0.000000000000000 [2.411193775979381, 48.855328766644753] 0.000000000000000 
[2.409724868036719, 48.855541224761993] 0.000000000000000 [2.409918807282804, 48.855634805027236] 0.000000000000000 [2.410077650272743, 48.855613624379643] 0.000000000000000 
[2.411892942280508, 48.851293720083376] 0.000000000000000 [2.411632883786109, 48.852797928421403] 0.000000000000000 
[2.415168208459023, 48.851689346332272] 0.000000000000000 [2.414810882180571, 48.852454245930957] 0.000000000000000 [2.414221488999951, 48.853580629814310] 0.000000000000000 
[2.409690955809221, 48.858634033929711] 0.000000000000000 [2.409621205823288, 48.858765714486239] 0.000000000000000 [2.409621915097127, 48.859036908926043] 0.000000000000000 
[2.414494401037160, 48.849860564943292] 0.000000000000000 [2.414362217485054, 48.849872920828901] 0.000000000000000 [2.414248150289641, 48.849864176550632] 0.000000000000000 [2.412874025178199, 48.849987492925386] 0.000000000000000 
[2.414663405893172, 48.858221641594753] 0.000000000000000 [2.414782145977114, 48.858199564262108] 0.000000000000000 
[2.410244297878013, 48.855497007326839] 0.000000000000000 [2.410161068178859, 48.855586861836478] 0.000000000000000 [2.410134645058681, 48.855754018175574] 0.000000000000000 [2.410172537912439, 48.855907032731615] 0.000000000000000 
[2.415010451070887, 48.856164877991993] 0.000000000000000 [2.414663405893172, 48.858221641594753] 0.000000000000000 
[2.415010451070887, 48.856164877991993] 0.000000000000000 [2.415128248604611, 48.856197926495106] 0.000000000000000 
[2.411219678042698, 48.860724132490027] 0.000000000000000 [2.411168314895882, 48.860892734926516] 0.000000000000000 [2.410967846451332, 48.862281328720847] 0.000000000000000 [2.410939625309962, 48.862578620837411] 0.000000000000000 
[2.411193775979381, 48.855328766644753] 0.000000000000000 [2.411298320969238, 48.855369139188490] 0.000000000000000 [2.411600742080314, 48.855536080392142] 0.000000000000000 [2.412065909530695, 48.855603687289680] 0.000000000000000 
[2.414551464355829, 48.853792095033668] 0.000000000000000 [2.414514744032214, 48.853751922261146] 0.000000000000000 [2.414446518872132, 48.853695494278732] 0.000000000000000 [2.414367265645910, 48.853645377864694] 0.000000000000000 [2.414279438907062, 48.853602173186786] 0.000000000000000 [2.414221488999951, 48.853580629814310] 0.000000000000000 
[2.410779307812020, 48.852725365891743] 0.000000000000000 [2.410709201144765, 48.853051129063665] 0.000000000000000 
[2.410637375661296, 48.853504319522500] 0.000000000000000 [2.410586607701088, 48.853371250965907] 0.000000000000000 [2.410709201144765, 48.853051129063665] 0.000000000000000 
[2.412015056572140, 48.853745504414185] 0.000000000000000 [2.412028840941491, 48.854229170428759] 0.000000000000000 
[2.413940634143286, 48.856404274268534] 0.000000000000000 [2.413784592213361, 48.854638204152209] 0.000000000000000 
[2.413744274863722, 48.862620018684403] 0.000000000000000 [2.413555862381517, 48.863810157634681] 0.000000000000000 
[2.415892897026216, 48.851001386157648] 0.000000000000000 [2.416039720126022, 48.850989683710466] 0.000000000000000 
[2.409690955809221, 48.858634033929711] 0.000000000000000 [2.409862367029239, 48.858701010853089] 0.000000000000000 [2.410610255925016, 48.858753585970348] 0.000000000000000 
[2.415127225533978, 48.854236275481639] 0.000000000000000 [2.415306033974000, 48.854323139556207] 0.000000000000000 
[2.410172537912439, 48.855907032731615] 0.000000000000000 [2.410268320958447, 48.856003175506849] 0.000000000000000 
[2.411632883786109, 48.852797928421403] 0.000000000000000 [2.412129242230411, 48.853286888790493] 0.000000000000000 [2.412391574933335, 48.853291211765082] 0.000000000000000 
[2.410610255925016, 48.858753585970348] 0.000000000000000 [2.411536994749289, 48.858831669961930] 0.000000000000000 
