[2.344488084526477, 48.819482436380568] 0.000000000000000 [2.344630457628998, 48.819542003090334] 0.000000000000000 
[2.341417625243867, 48.820458817142331] 0.000000000000000 [2.341636757479245, 48.819858811613848] 0.000000000000000 [2.341636753293519, 48.819812220918145] 0.000000000000000 
[2.344894985266742, 48.822530450813353] 0.000000000000000 [2.344869402827634, 48.822661117275125] 0.000000000000000 [2.344800495969944, 48.822693496032066] 0.000000000000000 [2.344869420812811, 48.822776323343930] 0.000000000000000 
[2.325620168927319, 48.819828520641096] 0.000000000000000 [2.325765270968384, 48.819888552506896] 0.000000000000000 [2.325759249411220, 48.819959773986156] 0.000000000000000 
[2.341636753293519, 48.819812220918145] 0.000000000000000 [2.340852287062853, 48.819913664625368] 0.000000000000000 [2.339598802815628, 48.820185052937262] 0.000000000000000 [2.339109028182656, 48.820333076108525] 0.000000000000000 [2.337666665182731, 48.820659257977397] 0.000000000000000 [2.337139524449040, 48.820725044308887] 0.000000000000000 [2.334667732111281, 48.821278697616123] 0.000000000000000 [2.334379272024655, 48.821363934714867] 0.000000000000000 
[2.342044505932509, 48.822089711674344] 0.000000000000000 [2.342213217934236, 48.821851224903043] 0.000000000000000 [2.342482690642903, 48.821474046287392] 0.000000000000000 
[2.330326107168085, 48.822107470093520] 0.000000000000000 [2.329124546998082, 48.822386874860811] 0.000000000000000 
[2.334379272024655, 48.821363934714867] 0.000000000000000 [2.334544243393323, 48.821455474553716] 0.000000000000000 [2.334711641828192, 48.821485045012842] 0.000000000000000 [2.335170726661946, 48.821442875703724] 0.000000000000000 [2.336276504318862, 48.821263639906341] 0.000000000000000 [2.336667712533677, 48.821142381441099] 0.000000000000000 [2.337118811929554, 48.821015851474264] 0.000000000000000 [2.337434174249333, 48.820931497933508] 0.000000000000000 [2.337757515985969, 48.820868230577020] 0.000000000000000 [2.338096818476492, 48.820836590201012] 0.000000000000000 [2.338272468305372, 48.820823413302705] 0.000000000000000 [2.338511989721667, 48.820836583415776] 0.000000000000000 [2.338927147801372, 48.820844488771506] 0.000000000000000 
[2.342186728460171, 48.818438220688648] 0.000000000000000 [2.341170311312546, 48.819087722293695] 0.000000000000000 [2.340358461271185, 48.819253390574794] 0.000000000000000 [2.339606006899069, 48.819419033341816] 0.000000000000000 [2.339427789527355, 48.819462625904038] 0.000000000000000 [2.338833747635551, 48.819597763899722] 0.000000000000000 [2.339109278819121, 48.820132026117712] 0.000000000000000 
[2.337416452441854, 48.820553002090406] 0.000000000000000 [2.334308694635163, 48.821229033061968] 0.000000000000000 
[2.344497445843591, 48.819066916590010] 0.000000000000000 [2.344210476659631, 48.818038095310733] 0.000000000000000 [2.344141998199031, 48.817792589267533] 0.000000000000000 [2.344134517268714, 48.817760207313938] 0.000000000000000 [2.344126682889928, 48.817729290314134] 0.000000000000000 
[2.343992489911364, 48.816810690936244] 0.000000000000000 [2.344036255300549, 48.816808664602306] 0.000000000000000 
[2.346365517193673, 48.822335783232781] 0.000000000000000 [2.346234638692568, 48.822327018320024] 0.000000000000000 [2.345917998899067, 48.822313915013453] 0.000000000000000 
[2.345162967690516, 48.822297338904605] 0.000000000000000 [2.344934041953628, 48.822340071899099] 0.000000000000000 
[2.333911249120709, 48.821480138625837] 0.000000000000000 [2.333832039895509, 48.821323312066220] 0.000000000000000 
[2.337822460998973, 48.816638603240285] 0.000000000000000 [2.338742442184806, 48.816586988531107] 0.000000000000000 [2.340476051066164, 48.816493415976247] 0.000000000000000 [2.341129677184523, 48.816480980874445] 0.000000000000000 [2.341991811267853, 48.816470717868505] 0.000000000000000 
[2.348195594241392, 48.816960703874919] 0.000000000000000 [2.347540785130180, 48.816686751668755] 0.000000000000000 [2.347066997705551, 48.816545898550096] 0.000000000000000 [2.346532828021218, 48.816445282041386] 0.000000000000000 
[2.324684347527095, 48.822233689174467] 0.000000000000000 [2.324673606606987, 48.822219695297584] 0.000000000000000 [2.324663600244222, 48.822205459137507] 0.000000000000000 [2.324654382694468, 48.822190998089070] 0.000000000000000 [2.324645929209261, 48.822176330000332] 0.000000000000000 [2.324638265432086, 48.822161473003888] 0.000000000000000 [2.324631406110505, 48.822146445170809] 0.000000000000000 [2.324625363151731, 48.822131273549971] 0.000000000000000 [2.324620122924389, 48.822115958963821] 0.000000000000000 [2.324615714830888, 48.822100544748864] 0.000000000000000 [2.324612123877855, 48.822085031719922] 0.000000000000000 [2.324609361972300, 48.822069446925717] 0.000000000000000 [2.324607446702215, 48.822053799459511] 0.000000000000000 [2.324606361257714, 48.822038125201630] 0.000000000000000 [2.324606119140901, 48.822022433222237] 0.000000000000000 [2.324606709234042, 48.822006740546733] 0.000000000000000 [2.324608143316349, 48.821991084116270] 0.000000000000000 [2.324610421503355, 48.821975454937757] 0.000000000000000 [2.324613515973489, 48.821959897823007] 0.000000000000000 [2.324617456571794, 48.821944421934376] 0.000000000000000 [2.324622213102209, 48.821929045088929] 0.000000000000000 [2.324627786588072, 48.821913793374335] 0.000000000000000 [2.324634176889017, 48.821898677582325] 0.000000000000000 [2.324641371409117, 48.821883723723673] 0.000000000000000 [2.324649370043008, 48.821868939892148] 0.000000000000000 [2.324658143700297, 48.821854363697305] 0.000000000000000 [2.324667693870522, 48.821839985254194] 0.000000000000000 [2.324678006339802, 48.821825850350841] 0.000000000000000 [2.324689068873619, 48.821811957119152] 0.000000000000000 [2.324700866117765, 48.821798334252541] 0.000000000000000 [2.324713384219517, 48.821784999660153] 0.000000000000000 [2.324726598559042, 48.821771961297166] 0.000000000000000 [2.324740519786833, 48.821759238110523] 0.000000000000000 [2.324755108173925, 48.821746847863302] 0.000000000000000 [2.324770336248750, 48.821734808387809] 0.000000000000000 [2.324786205384667, 48.821723118792121] 0.000000000000000 [2.324802700111325, 48.821711816762708] 0.000000000000000 [2.324819780828038, 48.821700910170172] 0.000000000000000 [2.324837433904024, 48.821690399836676] 0.000000000000000 [2.324855630401280, 48.821680311680673] 0.000000000000000 [2.324874371553583, 48.821670655602091] 0.000000000000000 [2.324893604141545, 48.821661439394653] 0.000000000000000 [2.324912603213889, 48.821653006126766] 0.000000000000000 
[2.346532828021218, 48.816445282041386] 0.000000000000000 [2.346377342339633, 48.816422104048009] 0.000000000000000 [2.345947578884981, 48.816404065049312] 0.000000000000000 [2.345257543143490, 48.816425891154033] 0.000000000000000 [2.344286264496375, 48.816493084011242] 0.000000000000000 [2.344133452082895, 48.816502896376129] 0.000000000000000 
[2.344127742856017, 48.816377744524054] 0.000000000000000 [2.344302355201528, 48.816367445535661] 0.000000000000000 [2.345244643337758, 48.816316891599556] 0.000000000000000 [2.345954109110866, 48.816294073714964] 0.000000000000000 [2.346398687359697, 48.816319081166277] 0.000000000000000 [2.346703026718785, 48.816358415149026] 0.000000000000000 [2.347038743482678, 48.816420542817944] 0.000000000000000 [2.347655967173762, 48.816590383413370] 0.000000000000000 
[2.336597776536521, 48.816715282735387] 0.000000000000000 [2.336628361032423, 48.816712459274896] 0.000000000000000 [2.336829215559734, 48.816701847303008] 0.000000000000000 [2.337377937614563, 48.816667015536787] 0.000000000000000 
[2.344184862499487, 48.820028433215285] 0.000000000000000 [2.345280171345312, 48.820336103247506] 0.000000000000000 
[2.343992489911364, 48.816810690936244] 0.000000000000000 [2.343962883962771, 48.816513851375234] 0.000000000000000 
[2.345277176596157, 48.822802182356455] 0.000000000000000 [2.345073734957428, 48.822956963063916] 0.000000000000000 [2.344769116877700, 48.823209960647205] 0.000000000000000 
[2.343951332863549, 48.816388143119028] 0.000000000000000 [2.343951381213118, 48.816240113715601] 0.000000000000000 
[2.343951381213118, 48.816240113715601] 0.000000000000000 [2.344002280316051, 48.816234894150448] 0.000000000000000 
[2.344133496340155, 48.816804180383386] 0.000000000000000 [2.344133452082895, 48.816502896376129] 0.000000000000000 
[2.337124187590934, 48.819990068157310] 0.000000000000000 [2.338134081492274, 48.819763405077843] 0.000000000000000 
[2.344126682889928, 48.817729290314134] 0.000000000000000 [2.344141300728616, 48.817296900206927] 0.000000000000000 [2.344133519754720, 48.816972748432129] 0.000000000000000 
[2.347021014867406, 48.822515885606727] 0.000000000000000 [2.346783642892216, 48.822541833167698] 0.000000000000000 
[2.337124187590934, 48.819990068157310] 0.000000000000000 [2.336120891157492, 48.820208008353525] 0.000000000000000 
[2.321759423694333, 48.820935410096830] 0.000000000000000 [2.321247891038082, 48.821011232338932] 0.000000000000000 
[2.336175202875510, 48.816748177963646] 0.000000000000000 [2.336336161285989, 48.816690463082281] 0.000000000000000 
[2.323975826330676, 48.820212477284272] 0.000000000000000 [2.323942767036814, 48.820089669369992] 0.000000000000000 
[2.328572036058962, 48.821705674563866] 0.000000000000000 [2.328170621693884, 48.821574000740057] 0.000000000000000 
[2.346460197589851, 48.822489992047615] 0.000000000000000 [2.345150506456906, 48.823546521510025] 0.000000000000000 
[2.329392902339841, 48.819289523047672] 0.000000000000000 [2.327899178991639, 48.819620551019341] 0.000000000000000 
[2.320995934395431, 48.821056252309326] 0.000000000000000 [2.316999359174955, 48.821964176189496] 0.000000000000000 [2.316699378383800, 48.822034142280366] 0.000000000000000 
[2.329836975274445, 48.819267535142963] 0.000000000000000 [2.329656526497542, 48.819344035201077] 0.000000000000000 [2.329571261917124, 48.819442365205134] 0.000000000000000 
[2.346382966836627, 48.822210027561525] 0.000000000000000 [2.346258108299773, 48.822134715415757] 0.000000000000000 [2.343128685965163, 48.821555232964727] 0.000000000000000 
[2.324050065980824, 48.820343860650226] 0.000000000000000 [2.323975826330676, 48.820212477284272] 0.000000000000000 
[2.325747369813119, 48.820097362083381] 0.000000000000000 [2.325454562362272, 48.820166578432236] 0.000000000000000 
[2.342849448459124, 48.821550014851375] 0.000000000000000 [2.342482690642903, 48.821474046287392] 0.000000000000000 
[2.325383795516407, 48.822120747313377] 0.000000000000000 [2.325405470582480, 48.822204148717972] 0.000000000000000 [2.325568697611924, 48.822830616905847] 0.000000000000000 
[2.334558285014518, 48.821706111255843] 0.000000000000000 [2.334379272024655, 48.821363934714867] 0.000000000000000 
[2.325568697611924, 48.822830616905847] 0.000000000000000 [2.325612608275112, 48.822999145000800] 0.000000000000000 
[2.345277176596157, 48.822802182356455] 0.000000000000000 [2.345063490713493, 48.822772432632654] 0.000000000000000 
[2.345337720991221, 48.819512300842625] 0.000000000000000 [2.345070981969714, 48.819413949752118] 0.000000000000000 [2.344866812692227, 48.819367814533095] 0.000000000000000 [2.344648550875560, 48.819327588009756] 0.000000000000000 
[2.344489889625324, 48.822972023200244] 0.000000000000000 [2.344045447233497, 48.822584466507919] 0.000000000000000 
[2.324175980815633, 48.820555563115398] 0.000000000000000 [2.323006094171380, 48.820807309246263] 0.000000000000000 [2.322571736586690, 48.820892706386992] 0.000000000000000 [2.322289115347902, 48.820930979963236] 0.000000000000000 [2.322071949456275, 48.820952553700913] 0.000000000000000 [2.321923205199949, 48.820960394752312] 0.000000000000000 [2.321759423694333, 48.820935410096830] 0.000000000000000 
[2.334308694635163, 48.821229033061968] 0.000000000000000 [2.333736720323467, 48.820121573871532] 0.000000000000000 
[2.345155320698871, 48.816103985836072] 0.000000000000000 [2.344865956104498, 48.816104889257176] 0.000000000000000 [2.344636546145818, 48.816086542818972] 0.000000000000000 
[2.334308694635163, 48.821229033061968] 0.000000000000000 [2.333832039895509, 48.821323312066220] 0.000000000000000 
[2.341991811267853, 48.816470717868505] 0.000000000000000 [2.342726829762606, 48.816488090436899] 0.000000000000000 
[2.325759249411220, 48.819959773986156] 0.000000000000000 [2.325747369813119, 48.820097362083381] 0.000000000000000 
[2.343607041290593, 48.816120352305447] 0.000000000000000 [2.343688364905616, 48.816134043069688] 0.000000000000000 [2.343828527359107, 48.816146516055113] 0.000000000000000 [2.343909173615062, 48.816085243750003] 0.000000000000000 
[2.340851364533455, 48.816787554399660] 0.000000000000000 [2.338812173920329, 48.816901552546980] 0.000000000000000 
[2.346058916273917, 48.819712070457278] 0.000000000000000 [2.346090049967616, 48.819879062473262] 0.000000000000000 [2.346488967482443, 48.821237525659470] 0.000000000000000 
[2.342846733533461, 48.820457397183254] 0.000000000000000 [2.341417625243867, 48.820458817142331] 0.000000000000000 
[2.321289535053761, 48.821100535487965] 0.000000000000000 [2.321275934122122, 48.821043610105704] 0.000000000000000 [2.321247891038082, 48.821011232338932] 0.000000000000000 
[2.332917876264901, 48.818553640735871] 0.000000000000000 [2.332485116812544, 48.818683148973953] 0.000000000000000 
[2.348138238576847, 48.821473077180244] 0.000000000000000 [2.348174725122433, 48.821239307788517] 0.000000000000000 
[2.343883248306319, 48.816392149524248] 0.000000000000000 [2.343951332863549, 48.816388143119028] 0.000000000000000 
[2.321055966317465, 48.820795272993912] 0.000000000000000 [2.320623805732467, 48.820902056582220] 0.000000000000000 
[2.324116494306792, 48.820455648114752] 0.000000000000000 [2.324050065980824, 48.820343860650226] 0.000000000000000 
[2.325445270127880, 48.821596629576369] 0.000000000000000 [2.325502395828943, 48.820787090512027] 0.000000000000000 
[2.343607041290593, 48.816120352305447] 0.000000000000000 [2.343843751318404, 48.816045355887333] 0.000000000000000 [2.343909173615062, 48.816085243750003] 0.000000000000000 
[2.329921237345824, 48.820939038763782] 0.000000000000000 [2.329736423371562, 48.821022301134967] 0.000000000000000 [2.328696208343508, 48.821316315300876] 0.000000000000000 
[2.332763157574685, 48.818313286866626] 0.000000000000000 [2.332694465304442, 48.818201684814319] 0.000000000000000 
[2.332763157574685, 48.818313286866626] 0.000000000000000 [2.332967634659226, 48.818228500608022] 0.000000000000000 [2.333214547102458, 48.818090379743815] 0.000000000000000 [2.333918461207481, 48.817612154088977] 0.000000000000000 [2.334424780267490, 48.817266663611704] 0.000000000000000 [2.334613510043697, 48.817141074397846] 0.000000000000000 [2.334824147969594, 48.817047498938358] 0.000000000000000 [2.335084585201620, 48.816959831997984] 0.000000000000000 [2.335348953837199, 48.816921382685386] 0.000000000000000 
[2.334724148562814, 48.821980932487286] 0.000000000000000 [2.334558285014518, 48.821706111255843] 0.000000000000000 
[2.344363055197364, 48.819833908263249] 0.000000000000000 [2.344337154049539, 48.819744377610306] 0.000000000000000 [2.344317836093310, 48.819695188830842] 0.000000000000000 [2.344276443693095, 48.819644787145080] 0.000000000000000 [2.344217580204805, 48.819605313346962] 0.000000000000000 [2.344131127581842, 48.819573736759025] 0.000000000000000 [2.343961074927686, 48.819541949692017] 0.000000000000000 
[2.347655967173762, 48.816590383413370] 0.000000000000000 [2.347833894755087, 48.816673368845841] 0.000000000000000 [2.348333290618878, 48.816891787292121] 0.000000000000000 
[2.321289535053761, 48.821100535487965] 0.000000000000000 [2.321138105932876, 48.821115892655683] 0.000000000000000 [2.320995934395431, 48.821056252309326] 0.000000000000000 
[2.328770467112924, 48.821585113058354] 0.000000000000000 [2.328696208343508, 48.821316315300876] 0.000000000000000 
[2.343652297648028, 48.822795552071142] 0.000000000000000 [2.343021086440759, 48.823140776025447] 0.000000000000000 [2.342874665765137, 48.823355899784531] 0.000000000000000 [2.342955507308745, 48.824482747932620] 0.000000000000000 [2.343207375763256, 48.825067504746123] 0.000000000000000 [2.343281480434158, 48.825181438327562] 0.000000000000000 
[2.347220867219208, 48.822360310305655] 0.000000000000000 [2.346928957868417, 48.822211795628107] 0.000000000000000 
[2.325618786829776, 48.820277833856750] 0.000000000000000 [2.325365037011158, 48.820396334288780] 0.000000000000000 [2.324636417757239, 48.820554811665694] 0.000000000000000 [2.324175980815633, 48.820555563115398] 0.000000000000000 
[2.345917998899067, 48.822313915013453] 0.000000000000000 [2.345857549844870, 48.822424800698080] 0.000000000000000 [2.345655070385553, 48.822615822779333] 0.000000000000000 [2.345489076203025, 48.822729684109184] 0.000000000000000 [2.345341863873613, 48.822786710139383] 0.000000000000000 [2.345277176596157, 48.822802182356455] 0.000000000000000 
[2.336597776536521, 48.816715282735387] 0.000000000000000 [2.336648690914072, 48.816677271216030] 0.000000000000000 
[2.331658688975413, 48.818450933557727] 0.000000000000000 [2.329300973328706, 48.818986021330083] 0.000000000000000 
[2.336133808552189, 48.816635184172270] 0.000000000000000 [2.335665808581365, 48.816659911683715] 0.000000000000000 [2.335138328447513, 48.816687775560212] 0.000000000000000 
[2.328534345440567, 48.819346597707430] 0.000000000000000 [2.329338253046757, 48.819118882312402] 0.000000000000000 
[2.326611496399105, 48.822798715230228] 0.000000000000000 [2.326626840815893, 48.822683690780181] 0.000000000000000 
[2.344444635769053, 48.819342430648895] 0.000000000000000 [2.344565628293198, 48.819311316969177] 0.000000000000000 
[2.335453854414286, 48.817154627560448] 0.000000000000000 [2.335193349952502, 48.817253095625723] 0.000000000000000 [2.334978870916891, 48.817360475692141] 0.000000000000000 [2.334792441983549, 48.817475031121255] 0.000000000000000 [2.334260521537676, 48.817840397238690] 0.000000000000000 [2.333930280779628, 48.818067456673980] 0.000000000000000 [2.333583015916912, 48.818273292861569] 0.000000000000000 [2.333311468923015, 48.818408535789288] 0.000000000000000 [2.332917876264901, 48.818553640735871] 0.000000000000000 
[2.329320898732677, 48.819064690651722] 0.000000000000000 [2.329916634198178, 48.818934808575399] 0.000000000000000 [2.330449611926894, 48.818834119580629] 0.000000000000000 
[2.347315413181370, 48.822180006189548] 0.000000000000000 [2.347244006335508, 48.822162674807821] 0.000000000000000 [2.346928957868417, 48.822211795628107] 0.000000000000000 
[2.332817348619630, 48.818401335836484] 0.000000000000000 [2.332959766995466, 48.818348895002238] 0.000000000000000 [2.333232365182227, 48.818202959654258] 0.000000000000000 [2.334015415086713, 48.817674386515478] 0.000000000000000 [2.334716740309975, 48.817212532019951] 0.000000000000000 [2.335061404683878, 48.817027196509009] 0.000000000000000 [2.335348953837199, 48.816921382685386] 0.000000000000000 
[2.326820384960024, 48.819529044588556] 0.000000000000000 [2.325620168927319, 48.819828520641096] 0.000000000000000 
[2.321161171889052, 48.820913020319558] 0.000000000000000 [2.321714381555520, 48.820823435070309] 0.000000000000000 
[2.325612608275112, 48.822999145000800] 0.000000000000000 [2.325606746535076, 48.823200968042507] 0.000000000000000 [2.325543160411213, 48.823254217003672] 0.000000000000000 
[2.322021909007079, 48.823009070104142] 0.000000000000000 [2.321939285384674, 48.822865364387972] 0.000000000000000 
[2.327956111213237, 48.822644076228563] 0.000000000000000 [2.327745453409146, 48.822207858847008] 0.000000000000000 
[2.324912603213889, 48.821653006126766] 0.000000000000000 [2.324830240787714, 48.821530544447349] 0.000000000000000 [2.324175980815633, 48.820555563115398] 0.000000000000000 
[2.343128685965163, 48.821555232964727] 0.000000000000000 [2.342849448459124, 48.821550014851375] 0.000000000000000 
[2.344341504521488, 48.815633140054217] 0.000000000000000 [2.344352581490098, 48.815677581841044] 0.000000000000000 [2.344286244992290, 48.815804959471976] 0.000000000000000 [2.344197921207203, 48.815869712821026] 0.000000000000000 
[2.337822460998973, 48.816638603240285] 0.000000000000000 [2.337588378008892, 48.816558318152389] 0.000000000000000 
[2.332876918648703, 48.818491580501032] 0.000000000000000 [2.332817348619630, 48.818401335836484] 0.000000000000000 
[2.344233089375144, 48.816126210526534] 0.000000000000000 [2.344341980454464, 48.816180608880572] 0.000000000000000 [2.344514334041118, 48.816191766403158] 0.000000000000000 [2.345545287393299, 48.816174117168096] 0.000000000000000 [2.345956280064865, 48.816174083452758] 0.000000000000000 [2.346251204294299, 48.816198914889156] 0.000000000000000 [2.346524166647181, 48.816232047399751] 0.000000000000000 [2.346935177283854, 48.816314887759994] 0.000000000000000 [2.347301190258289, 48.816427514191481] 0.000000000000000 [2.347655967173762, 48.816590383413370] 0.000000000000000 
[2.334926795016463, 48.822297659568548] 0.000000000000000 [2.334724148562814, 48.821980932487286] 0.000000000000000 
[2.344934041953628, 48.822340071899099] 0.000000000000000 [2.344515272896747, 48.822414390752890] 0.000000000000000 [2.344349265416645, 48.822450634018836] 0.000000000000000 [2.344227654649294, 48.822495875991159] 0.000000000000000 [2.344045447233497, 48.822584466507919] 0.000000000000000 
[2.319656561058788, 48.821118912560259] 0.000000000000000 [2.314687532389351, 48.822219682989044] 0.000000000000000 
[2.334953426396064, 48.816868203530191] 0.000000000000000 [2.335297320572989, 48.816818792439591] 0.000000000000000 [2.335902148826991, 48.816725092622697] 0.000000000000000 [2.336088815600282, 48.816707297051465] 0.000000000000000 [2.336336161285989, 48.816690463082281] 0.000000000000000 
[2.329300973328706, 48.818986021330083] 0.000000000000000 [2.326820384960024, 48.819529044588556] 0.000000000000000 
[2.328861761248349, 48.821781448720870] 0.000000000000000 [2.328572036058962, 48.821705674563866] 0.000000000000000 
[2.336729156766672, 48.816603718933123] 0.000000000000000 [2.336547910606404, 48.816613296423292] 0.000000000000000 [2.336493522390533, 48.816616173944048] 0.000000000000000 
[2.343895330132669, 48.816517444284962] 0.000000000000000 [2.342748097883668, 48.816581263043609] 0.000000000000000 
[2.343951332863549, 48.816388143119028] 0.000000000000000 [2.344011139793762, 48.816384577827414] 0.000000000000000 
[2.344011139793762, 48.816384577827414] 0.000000000000000 [2.344127742856017, 48.816377744524054] 0.000000000000000 
[2.337866856089649, 48.816828637235460] 0.000000000000000 [2.336877692596953, 48.816826675548882] 0.000000000000000 [2.336641977086914, 48.816832692610276] 0.000000000000000 [2.336429954537254, 48.816847152813850] 0.000000000000000 
[2.341625749995378, 48.819678246878070] 0.000000000000000 [2.340802477289383, 48.819806769225572] 0.000000000000000 [2.339955751929016, 48.819990439657502] 0.000000000000000 [2.339474269552495, 48.820042529885825] 0.000000000000000 [2.339109278819121, 48.820132026117712] 0.000000000000000 
[2.343961074927686, 48.819541949692017] 0.000000000000000 [2.342857098978124, 48.819666610951266] 0.000000000000000 
[2.344934041953628, 48.822340071899099] 0.000000000000000 [2.344894985266742, 48.822530450813353] 0.000000000000000 
[2.326626840815893, 48.822683690780181] 0.000000000000000 [2.326479927021347, 48.822718632675162] 0.000000000000000 [2.325899118868703, 48.822845710809773] 0.000000000000000 [2.325800454907544, 48.822818713681002] 0.000000000000000 
[2.344444635769053, 48.819342430648895] 0.000000000000000 [2.341625749995378, 48.819678246878070] 0.000000000000000 
[2.325467259366817, 48.820029350235579] 0.000000000000000 [2.325474085950396, 48.819955520606158] 0.000000000000000 [2.325620168927319, 48.819828520641096] 0.000000000000000 
[2.343994459556596, 48.816102782930017] 0.000000000000000 [2.344118611096347, 48.816128305037900] 0.000000000000000 
[2.325084897027520, 48.823004515812812] 0.000000000000000 [2.325092878262177, 48.822943518982505] 0.000000000000000 [2.324910976417539, 48.822186384246884] 0.000000000000000 
[2.343895330132669, 48.816517444284962] 0.000000000000000 [2.343895493457419, 48.816613351908934] 0.000000000000000 [2.343880391085471, 48.816705384851332] 0.000000000000000 [2.343856564907365, 48.816738389208737] 0.000000000000000 [2.343822525052452, 48.816767887471485] 0.000000000000000 [2.343780860432250, 48.816792800189127] 0.000000000000000 [2.343733202558762, 48.816812048054345] 0.000000000000000 [2.343500758549823, 48.816842467196125] 0.000000000000000 
[2.343881167834498, 48.820359943868439] 0.000000000000000 [2.342735713991369, 48.821267738897312] 0.000000000000000 
[2.347008206145572, 48.819974305071860] 0.000000000000000 [2.346058916273917, 48.819712070457278] 0.000000000000000 
[2.343962883962771, 48.816513851375234] 0.000000000000000 [2.343951332863549, 48.816388143119028] 0.000000000000000 
[2.347968115406445, 48.820236422659534] 0.000000000000000 [2.348661456764350, 48.819169973757575] 0.000000000000000 [2.348769569772603, 48.819106742507316] 0.000000000000000 
[2.347611239291412, 48.817250329140677] 0.000000000000000 [2.348195594241392, 48.816960703874919] 0.000000000000000 
[2.344018591865718, 48.816510277978878] 0.000000000000000 [2.343962883962771, 48.816513851375234] 0.000000000000000 
[2.342735713991369, 48.821267738897312] 0.000000000000000 [2.343017170394423, 48.821509654912624] 0.000000000000000 [2.343128685965163, 48.821555232964727] 0.000000000000000 
[2.343500758549823, 48.816842467196125] 0.000000000000000 [2.343187546588912, 48.816741128567763] 0.000000000000000 [2.343001256698640, 48.816702290470928] 0.000000000000000 [2.342831854815249, 48.816680717744688] 0.000000000000000 [2.342562397224038, 48.816687710422926] 0.000000000000000 [2.342282359767249, 48.816703714585735] 0.000000000000000 [2.341403856471258, 48.816751471211440] 0.000000000000000 [2.340851364533455, 48.816787554399660] 0.000000000000000 
[2.343883248306319, 48.816392149524248] 0.000000000000000 [2.343895330132669, 48.816517444284962] 0.000000000000000 
[2.332876918648703, 48.818491580501032] 0.000000000000000 [2.332452984256302, 48.818628273574681] 0.000000000000000 [2.331132441258088, 48.818931526558984] 0.000000000000000 [2.329392902339841, 48.819289523047672] 0.000000000000000 
[2.336175202875510, 48.816748177963646] 0.000000000000000 [2.336597776536521, 48.816715282735387] 0.000000000000000 
[2.346058916273917, 48.819712070457278] 0.000000000000000 [2.345337720991221, 48.819512300842625] 0.000000000000000 
[2.326698549200440, 48.821740601324564] 0.000000000000000 [2.325928320942359, 48.821908409003441] 0.000000000000000 
[2.329416247333767, 48.819362410486882] 0.000000000000000 [2.328832444283266, 48.819515707720207] 0.000000000000000 [2.327998218886819, 48.819718597206865] 0.000000000000000 [2.326130306792611, 48.820137325438118] 0.000000000000000 [2.325618786829776, 48.820277833856750] 0.000000000000000 
[2.330449611926894, 48.818834119580629] 0.000000000000000 [2.331513080581483, 48.818633200839535] 0.000000000000000 [2.331968483308356, 48.818546080155407] 0.000000000000000 [2.332356599635400, 48.818451491309013] 0.000000000000000 [2.332639980171446, 48.818364370664121] 0.000000000000000 [2.332763157574685, 48.818313286866626] 0.000000000000000 
[2.333443185465659, 48.821746285288093] 0.000000000000000 [2.334558285014518, 48.821706111255843] 0.000000000000000 
[2.338134081492274, 48.819763405077843] 0.000000000000000 [2.338147274931858, 48.819671876930911] 0.000000000000000 
[2.344054040780672, 48.817108949512075] 0.000000000000000 [2.344101082976783, 48.817067525639096] 0.000000000000000 [2.344133519754720, 48.816972748432129] 0.000000000000000 
[2.328572036058962, 48.821705674563866] 0.000000000000000 [2.328556168317178, 48.821715313175950] 0.000000000000000 [2.327745453409146, 48.822207858847008] 0.000000000000000 
[2.345155320698871, 48.816103985836072] 0.000000000000000 [2.344953674879316, 48.816086420735225] 0.000000000000000 [2.344850032456151, 48.816065807393976] 0.000000000000000 
[2.344309051458112, 48.815977007316626] 0.000000000000000 [2.344313937157420, 48.816052986235228] 0.000000000000000 
[2.345337720991221, 48.819512300842625] 0.000000000000000 [2.345067318370320, 48.819497761955624] 0.000000000000000 [2.344708658302154, 48.819494146571131] 0.000000000000000 [2.344630457628998, 48.819542003090334] 0.000000000000000 
[2.328770467112924, 48.821585113058354] 0.000000000000000 [2.328572036058962, 48.821705674563866] 0.000000000000000 
[2.321060787051286, 48.823095544592356] 0.000000000000000 [2.321939285384674, 48.822865364387972] 0.000000000000000 
[2.342735713991369, 48.821267738897312] 0.000000000000000 [2.342607280691763, 48.821296468708304] 0.000000000000000 
[2.343652297648028, 48.822795552071142] 0.000000000000000 [2.343510022715088, 48.822718376004175] 0.000000000000000 [2.342110698775127, 48.822133143572159] 0.000000000000000 [2.342044505932509, 48.822089711674344] 0.000000000000000 
[2.344341504521488, 48.815633140054217] 0.000000000000000 [2.344247567606956, 48.815680448777869] 0.000000000000000 [2.344198985544470, 48.815792878827367] 0.000000000000000 [2.344197921207203, 48.815869712821026] 0.000000000000000 
[2.320816331584882, 48.820980688768358] 0.000000000000000 [2.321161171889052, 48.820913020319558] 0.000000000000000 
[2.342607280691763, 48.821296468708304] 0.000000000000000 [2.342403340992921, 48.821279123419252] 0.000000000000000 
[2.326626840815893, 48.822683690780181] 0.000000000000000 [2.326698452750088, 48.822143386086815] 0.000000000000000 
[2.336336161285989, 48.816690463082281] 0.000000000000000 [2.336493522390533, 48.816616173944048] 0.000000000000000 
[2.325746999978864, 48.819686861705776] 0.000000000000000 [2.325620168927319, 48.819828520641096] 0.000000000000000 
[2.332485116812544, 48.818683148973953] 0.000000000000000 [2.331568162222595, 48.818915863046939] 0.000000000000000 [2.329836975274445, 48.819267535142963] 0.000000000000000 
[2.336493522390533, 48.816616173944048] 0.000000000000000 [2.336133808552189, 48.816635184172270] 0.000000000000000 
[2.346028081937472, 48.816019906214720] 0.000000000000000 [2.345436170013427, 48.816079279657977] 0.000000000000000 [2.345155320698871, 48.816103985836072] 0.000000000000000 
[2.335135273938282, 48.822623109342381] 0.000000000000000 [2.334926795016463, 48.822297659568548] 0.000000000000000 
[2.341636753293519, 48.819812220918145] 0.000000000000000 [2.341625749995378, 48.819678246878070] 0.000000000000000 
[2.344126682889928, 48.817729290314134] 0.000000000000000 [2.344024634423457, 48.817452150344295] 0.000000000000000 [2.344004197137065, 48.817171587047469] 0.000000000000000 [2.344054040780672, 48.817108949512075] 0.000000000000000 
[2.325383795516407, 48.822120747313377] 0.000000000000000 [2.325381575789171, 48.822121664750988] 0.000000000000000 [2.325229189117699, 48.822146892405065] 0.000000000000000 [2.325228644657928, 48.822146865049426] 0.000000000000000 
[2.320816331584882, 48.820980688768358] 0.000000000000000 [2.320623805732467, 48.820902056582220] 0.000000000000000 
[2.331658688975413, 48.818450933557727] 0.000000000000000 [2.331644847606219, 48.818374961684668] 0.000000000000000 
[2.333832039895509, 48.821323312066220] 0.000000000000000 [2.333720313173531, 48.821332122291075] 0.000000000000000 [2.332948261751705, 48.821499293989461] 0.000000000000000 [2.332612036727709, 48.821608922301209] 0.000000000000000 [2.330326107168085, 48.822107470093520] 0.000000000000000 
[2.333728552857869, 48.816762246013162] 0.000000000000000 [2.332151795258335, 48.816983454394475] 0.000000000000000 
[2.343881167834498, 48.820359943868439] 0.000000000000000 [2.344184862499487, 48.820028433215285] 0.000000000000000 
[2.342846733533461, 48.820457397183254] 0.000000000000000 [2.342857098978124, 48.819666610951266] 0.000000000000000 
[2.348333290618878, 48.816891787292121] 0.000000000000000 [2.348613277167652, 48.816775877760627] 0.000000000000000 
[2.321247891038082, 48.821011232338932] 0.000000000000000 [2.321161171889052, 48.820913020319558] 0.000000000000000 
[2.341153081382501, 48.821172761653983] 0.000000000000000 [2.341417625243867, 48.820458817142331] 0.000000000000000 
[2.334724148562814, 48.821980932487286] 0.000000000000000 [2.333481584818383, 48.822025024998631] 0.000000000000000 
[2.334379272024655, 48.821363934714867] 0.000000000000000 [2.334453986929036, 48.821309169952904] 0.000000000000000 [2.334414728701153, 48.821229223988176] 0.000000000000000 [2.334308694635163, 48.821229033061968] 0.000000000000000 
[2.321939285384674, 48.822865364387972] 0.000000000000000 [2.322485868743888, 48.822724957176995] 0.000000000000000 [2.322669742612857, 48.822663739153406] 0.000000000000000 
[2.325362015275870, 48.823070127149656] 0.000000000000000 [2.325418456322515, 48.823227190518715] 0.000000000000000 [2.325543160411213, 48.823254217003672] 0.000000000000000 
[2.327745453409146, 48.822207858847008] 0.000000000000000 [2.326698452750088, 48.822143386086815] 0.000000000000000 
[2.342748097883668, 48.816581263043609] 0.000000000000000 [2.342565834486276, 48.816621505865349] 0.000000000000000 [2.341056272864797, 48.816727250509231] 0.000000000000000 [2.340851364533455, 48.816787554399660] 0.000000000000000 
[2.344869420812811, 48.822776323343930] 0.000000000000000 [2.344694975834059, 48.822866973762174] 0.000000000000000 
[2.344444635769053, 48.819342430648895] 0.000000000000000 [2.344488084526477, 48.819482436380568] 0.000000000000000 
[2.336429954537254, 48.816847152813850] 0.000000000000000 [2.336597776536521, 48.816715282735387] 0.000000000000000 
[2.343909173615062, 48.816085243750003] 0.000000000000000 [2.343915316260233, 48.815905298006925] 0.000000000000000 
[2.322669742612857, 48.822663739153406] 0.000000000000000 [2.322853616050051, 48.822602520843773] 0.000000000000000 [2.323918514710892, 48.822412176297753] 0.000000000000000 
[2.329124546998082, 48.822386874860811] 0.000000000000000 [2.327956111213237, 48.822644076228563] 0.000000000000000 
[2.344122629534614, 48.816238025000182] 0.000000000000000 [2.344118611096347, 48.816128305037900] 0.000000000000000 
[2.345063490713493, 48.822772432632654] 0.000000000000000 [2.344904282750965, 48.822759495381938] 0.000000000000000 [2.344869420812811, 48.822776323343930] 0.000000000000000 
[2.343962883962771, 48.816513851375234] 0.000000000000000 [2.343895330132669, 48.816517444284962] 0.000000000000000 
[2.325620168927319, 48.819828520641096] 0.000000000000000 [2.323975826330676, 48.820212477284272] 0.000000000000000 
[2.326820384960024, 48.819529044588556] 0.000000000000000 [2.326817747060193, 48.819446320636757] 0.000000000000000 
[2.319656561058788, 48.821118912560259] 0.000000000000000 [2.319609190764969, 48.821054589883175] 0.000000000000000 
[2.342482690642903, 48.821474046287392] 0.000000000000000 [2.342607280691763, 48.821296468708304] 0.000000000000000 
[2.329338253046757, 48.819118882312402] 0.000000000000000 [2.330449611926894, 48.818834119580629] 0.000000000000000 
[2.328959407476499, 48.822540774882441] 0.000000000000000 [2.329158828659117, 48.822975317004513] 0.000000000000000 [2.328724858795944, 48.823057401849411] 0.000000000000000 [2.328518969381552, 48.822635691035835] 0.000000000000000 
[2.347315413181370, 48.822180006189548] 0.000000000000000 [2.348095355397537, 48.821543899800496] 0.000000000000000 [2.348138238576847, 48.821473077180244] 0.000000000000000 
[2.333736720323467, 48.820121573871532] 0.000000000000000 [2.332917876264901, 48.818553640735871] 0.000000000000000 
[2.338270810823242, 48.816710745480279] 0.000000000000000 [2.338034822570896, 48.816686594818023] 0.000000000000000 [2.337822460998973, 48.816638603240285] 0.000000000000000 
[2.344002280316051, 48.816234894150448] 0.000000000000000 [2.344122629534614, 48.816238025000182] 0.000000000000000 
[2.321714381555520, 48.820823435070309] 0.000000000000000 [2.322451581123665, 48.820704015030927] 0.000000000000000 [2.324050065980824, 48.820343860650226] 0.000000000000000 
[2.328861761248349, 48.821781448720870] 0.000000000000000 [2.328770467112924, 48.821585113058354] 0.000000000000000 
[2.346928957868417, 48.822211795628107] 0.000000000000000 [2.346382966836627, 48.822210027561525] 0.000000000000000 
[2.337416452441854, 48.820553002090406] 0.000000000000000 [2.337124187590934, 48.819990068157310] 0.000000000000000 
[2.325747369813119, 48.820097362083381] 0.000000000000000 [2.325740542341459, 48.820181084025656] 0.000000000000000 [2.325618786829776, 48.820277833856750] 0.000000000000000 
[2.321709490085139, 48.820652608206366] 0.000000000000000 [2.321055966317465, 48.820795272993912] 0.000000000000000 
[2.325768914390421, 48.822693648712715] 0.000000000000000 [2.325618262283431, 48.822096147879670] 0.000000000000000 [2.325576341312953, 48.822048050866179] 0.000000000000000 
[2.342857098978124, 48.819666610951266] 0.000000000000000 [2.341636753293519, 48.819812220918145] 0.000000000000000 
[2.335138328447513, 48.816687775560212] 0.000000000000000 [2.334933674046098, 48.816698591101677] 0.000000000000000 
[2.323975826330676, 48.820212477284272] 0.000000000000000 [2.323800685812557, 48.820198843453568] 0.000000000000000 [2.321709490085139, 48.820652608206366] 0.000000000000000 
[2.334933674046098, 48.816698591101677] 0.000000000000000 [2.334953426396064, 48.816868203530191] 0.000000000000000 
[2.338147274931858, 48.819671876930911] 0.000000000000000 [2.338252882836878, 48.819610850158377] 0.000000000000000 [2.338391501328394, 48.819623923475675] 0.000000000000000 [2.338483915631639, 48.819684946110549] 0.000000000000000 [2.338490509481443, 48.819776474934997] 0.000000000000000 [2.338365101666084, 48.819841863179846] 0.000000000000000 [2.338213285687128, 48.819833142655234] 0.000000000000000 [2.338134081492274, 48.819763405077843] 0.000000000000000 
[2.326629607549708, 48.823003211383025] 0.000000000000000 [2.325543160411213, 48.823254217003672] 0.000000000000000 
[2.343607041290593, 48.816120352305447] 0.000000000000000 [2.343683848603300, 48.816167936766320] 0.000000000000000 [2.343838166118570, 48.816225678808870] 0.000000000000000 [2.343878440701139, 48.816294533647394] 0.000000000000000 [2.343883248306319, 48.816392149524248] 0.000000000000000 
[2.343915316260233, 48.815905298006925] 0.000000000000000 [2.343784669123081, 48.815867231386619] 0.000000000000000 [2.343692727565816, 48.815868244900109] 0.000000000000000 
[2.337347598239523, 48.816571035940250] 0.000000000000000 [2.337261687143822, 48.816575578342658] 0.000000000000000 [2.336729156766672, 48.816603718933123] 0.000000000000000 
[2.344313937157420, 48.816052986235228] 0.000000000000000 [2.344233089375144, 48.816126210526534] 0.000000000000000 
[2.328696208343508, 48.821316315300876] 0.000000000000000 [2.328587395290550, 48.821400866836406] 0.000000000000000 [2.326829147154061, 48.821768849588530] 0.000000000000000 [2.326698549200440, 48.821740601324564] 0.000000000000000 
[2.346365517193673, 48.822335783232781] 0.000000000000000 [2.346382966836627, 48.822210027561525] 0.000000000000000 
[2.336648690914072, 48.816677271216030] 0.000000000000000 [2.337025005743917, 48.816667728475352] 0.000000000000000 [2.337377937614563, 48.816667015536787] 0.000000000000000 
[2.332694465304442, 48.818201684814319] 0.000000000000000 [2.332534452597648, 48.818253567539088] 0.000000000000000 [2.331658688975413, 48.818450933557727] 0.000000000000000 
[2.329416247333767, 48.819362410486882] 0.000000000000000 [2.328744639771119, 48.819488939354613] 0.000000000000000 [2.327899178991639, 48.819620551019341] 0.000000000000000 
[2.342748097883668, 48.816581263043609] 0.000000000000000 [2.339127955136534, 48.816782392322068] 0.000000000000000 [2.338075202100011, 48.816827824777150] 0.000000000000000 [2.337866856089649, 48.816828637235460] 0.000000000000000 
[2.338812173920329, 48.816901552546980] 0.000000000000000 [2.338319744065566, 48.816907649616347] 0.000000000000000 [2.338072996199524, 48.816884443207542] 0.000000000000000 [2.337866856089649, 48.816828637235460] 0.000000000000000 
[2.325467259366817, 48.820029350235579] 0.000000000000000 [2.325759249411220, 48.819959773986156] 0.000000000000000 
[2.333285049564529, 48.820244700024304] 0.000000000000000 [2.332485116812544, 48.818683148973953] 0.000000000000000 
[2.330326107168085, 48.822107470093520] 0.000000000000000 [2.330225538446866, 48.822063598044245] 0.000000000000000 [2.329905012645424, 48.821173928451159] 0.000000000000000 [2.329921237345824, 48.820939038763782] 0.000000000000000 
[2.335348953837199, 48.816921382685386] 0.000000000000000 [2.335789245933212, 48.816850244435521] 0.000000000000000 [2.336175202875510, 48.816748177963646] 0.000000000000000 
[2.348174725122433, 48.821239307788517] 0.000000000000000 [2.347294095581203, 48.821238360688326] 0.000000000000000 [2.346488967482443, 48.821237525659470] 0.000000000000000 
[2.346783642892216, 48.822541833167698] 0.000000000000000 [2.346460197589851, 48.822489992047615] 0.000000000000000 
[2.342607280691763, 48.821296468708304] 0.000000000000000 [2.342623360888511, 48.821142611041793] 0.000000000000000 [2.342835711218038, 48.820536804122533] 0.000000000000000 [2.342846733533461, 48.820457397183254] 0.000000000000000 
[2.335453854414286, 48.817154627560448] 0.000000000000000 [2.335845644294545, 48.817044991186023] 0.000000000000000 [2.336159525754151, 48.816959381561453] 0.000000000000000 [2.336305069465197, 48.816902314143050] 0.000000000000000 [2.336429954537254, 48.816847152813850] 0.000000000000000 
[2.344036255300549, 48.816808664602306] 0.000000000000000 [2.344133496340155, 48.816804180383386] 0.000000000000000 
[2.344045447233497, 48.822584466507919] 0.000000000000000 [2.343931464539084, 48.822642926826219] 0.000000000000000 [2.343652297648028, 48.822795552071142] 0.000000000000000 
[2.336648690914072, 48.816677271216030] 0.000000000000000 [2.336729156766672, 48.816603718933123] 0.000000000000000 
[2.346120490492044, 48.821235524782750] 0.000000000000000 [2.346058022426946, 48.821243093222499] 0.000000000000000 [2.343119034202005, 48.821252456612477] 0.000000000000000 [2.342735713991369, 48.821267738897312] 0.000000000000000 
[2.325759249411220, 48.819959773986156] 0.000000000000000 [2.328534345440567, 48.819346597707430] 0.000000000000000 
[2.348333290618878, 48.816891787292121] 0.000000000000000 [2.348809131899349, 48.817108290929369] 0.000000000000000 [2.349410809356811, 48.817348231764626] 0.000000000000000 [2.349940302910615, 48.817527315161165] 0.000000000000000 [2.350506291022798, 48.817689466565632] 0.000000000000000 [2.350787906072763, 48.817748774997938] 0.000000000000000 
[2.344045447233497, 48.822584466507919] 0.000000000000000 [2.342849448459124, 48.821550014851375] 0.000000000000000 
[2.324050065980824, 48.820343860650226] 0.000000000000000 [2.325467259366817, 48.820029350235579] 0.000000000000000 
[2.325454562362272, 48.820166578432236] 0.000000000000000 [2.325467259366817, 48.820029350235579] 0.000000000000000 
[2.326698452750088, 48.822143386086815] 0.000000000000000 [2.326743459251486, 48.821832366268559] 0.000000000000000 [2.326698549200440, 48.821740601324564] 0.000000000000000 
[2.345355427048865, 48.822447502593782] 0.000000000000000 [2.345134118939654, 48.822442393817205] 0.000000000000000 
[2.347315413181370, 48.822180006189548] 0.000000000000000 [2.347253150196695, 48.822255433641260] 0.000000000000000 [2.347220867219208, 48.822360310305655] 0.000000000000000 
[2.344694975834059, 48.822866973762174] 0.000000000000000 [2.344489889625324, 48.822972023200244] 0.000000000000000 
[2.325618786829776, 48.820277833856750] 0.000000000000000 [2.325457216953518, 48.820403240846169] 0.000000000000000 [2.325421419633485, 48.820676966601589] 0.000000000000000 [2.325502395828943, 48.820787090512027] 0.000000000000000 
[2.344126682889928, 48.817729290314134] 0.000000000000000 [2.343924121107981, 48.817336681038533] 0.000000000000000 [2.343820289497107, 48.817146626423614] 0.000000000000000 
[2.344630457628998, 48.819542003090334] 0.000000000000000 [2.344657613436961, 48.819376561353849] 0.000000000000000 [2.344648550875560, 48.819327588009756] 0.000000000000000 
[2.327956111213237, 48.822644076228563] 0.000000000000000 [2.327368456811962, 48.822770810921789] 0.000000000000000 [2.327232728368572, 48.822785386320398] 0.000000000000000 [2.326611496399105, 48.822798715230228] 0.000000000000000 
[2.344894985266742, 48.822530450813353] 0.000000000000000 [2.344512712305984, 48.822593256971906] 0.000000000000000 [2.344442170429604, 48.822619061993407] 0.000000000000000 [2.344437814900397, 48.822636696527766] 0.000000000000000 [2.344443809996323, 48.822649637284670] 0.000000000000000 [2.344694975834059, 48.822866973762174] 0.000000000000000 
[2.344127742856017, 48.816377744524054] 0.000000000000000 [2.344122629534614, 48.816238025000182] 0.000000000000000 
[2.344497445843591, 48.819066916590010] 0.000000000000000 [2.344483118668093, 48.819235117819332] 0.000000000000000 [2.344444635769053, 48.819342430648895] 0.000000000000000 
[2.347220867219208, 48.822360310305655] 0.000000000000000 [2.347021014867406, 48.822515885606727] 0.000000000000000 
[2.337377937614563, 48.816667015536787] 0.000000000000000 [2.337474962004023, 48.816660854580142] 0.000000000000000 
[2.320623805732467, 48.820902056582220] 0.000000000000000 [2.320524503403582, 48.820851476764304] 0.000000000000000 
[2.328534345440567, 48.819346597707430] 0.000000000000000 [2.329353225661591, 48.819165636199031] 0.000000000000000 
[2.342482690642903, 48.821474046287392] 0.000000000000000 [2.342448073609597, 48.821357628105211] 0.000000000000000 [2.342403340992921, 48.821279123419252] 0.000000000000000 
[2.334379272024655, 48.821363934714867] 0.000000000000000 [2.334292019001815, 48.821345354341560] 0.000000000000000 [2.334249479275605, 48.821260551383666] 0.000000000000000 [2.334308694635163, 48.821229033061968] 0.000000000000000 
[2.346750379017976, 48.815971966546677] 0.000000000000000 [2.346485050740557, 48.815974076371027] 0.000000000000000 [2.346028081937472, 48.816019906214720] 0.000000000000000 
[2.330369998179713, 48.822234134673408] 0.000000000000000 [2.327280044062993, 48.822904192689698] 0.000000000000000 [2.326778157685419, 48.822964591960030] 0.000000000000000 [2.326629607549708, 48.823003211383025] 0.000000000000000 
[2.341991811267853, 48.816470717868505] 0.000000000000000 [2.342457348390596, 48.816395308638107] 0.000000000000000 [2.343607041290593, 48.816120352305447] 0.000000000000000 
[2.330326107168085, 48.822107470093520] 0.000000000000000 [2.330368470705533, 48.822045305579110] 0.000000000000000 [2.330039471437375, 48.821145311657162] 0.000000000000000 [2.329921237345824, 48.820939038763782] 0.000000000000000 
[2.344648550875560, 48.819327588009756] 0.000000000000000 [2.344497445843591, 48.819066916590010] 0.000000000000000 
[2.321714381555520, 48.820823435070309] 0.000000000000000 [2.321939931420661, 48.820726252534605] 0.000000000000000 [2.322170648416288, 48.820655428297300] 0.000000000000000 [2.323844786776982, 48.820281401685641] 0.000000000000000 [2.323975826330676, 48.820212477284272] 0.000000000000000 
[2.328696208343508, 48.821316315300876] 0.000000000000000 [2.328547307568631, 48.821289461962607] 0.000000000000000 [2.326750410231087, 48.821668087478201] 0.000000000000000 [2.326698549200440, 48.821740601324564] 0.000000000000000 
[2.329300973328706, 48.818986021330083] 0.000000000000000 [2.329273834599821, 48.818894473734211] 0.000000000000000 
[2.346750379017976, 48.815971966546677] 0.000000000000000 [2.346672390889951, 48.815888753891798] 0.000000000000000 
[2.325515548274664, 48.819738862815839] 0.000000000000000 [2.325620168927319, 48.819828520641096] 0.000000000000000 
[2.320623805732467, 48.820902056582220] 0.000000000000000 [2.319656561058788, 48.821118912560259] 0.000000000000000 
[2.348195594241392, 48.816960703874919] 0.000000000000000 [2.348333290618878, 48.816891787292121] 0.000000000000000 
[2.334933674046098, 48.816698591101677] 0.000000000000000 [2.333728552857869, 48.816762246013162] 0.000000000000000 
[2.343915316260233, 48.815905298006925] 0.000000000000000 [2.343981082663746, 48.815876795816401] 0.000000000000000 
[2.321161171889052, 48.820913020319558] 0.000000000000000 [2.321055966317465, 48.820795272993912] 0.000000000000000 
[2.324116494306792, 48.820455648114752] 0.000000000000000 [2.322502618486489, 48.820812562926449] 0.000000000000000 [2.321759423694333, 48.820935410096830] 0.000000000000000 
[2.326629607549708, 48.823003211383025] 0.000000000000000 [2.326611496399105, 48.822798715230228] 0.000000000000000 
[2.344488084526477, 48.819482436380568] 0.000000000000000 [2.343961074927686, 48.819541949692017] 0.000000000000000 
[2.343951381213118, 48.816240113715601] 0.000000000000000 [2.343909173615062, 48.816085243750003] 0.000000000000000 
[2.347008206145572, 48.819974305071860] 0.000000000000000 [2.347095751523889, 48.820147217855876] 0.000000000000000 [2.347251133294596, 48.820861316428669] 0.000000000000000 
[2.329353225661591, 48.819165636199031] 0.000000000000000 [2.331047135997258, 48.818846244669928] 0.000000000000000 [2.332088777196950, 48.818613125784353] 0.000000000000000 [2.332653739106661, 48.818461581800257] 0.000000000000000 [2.332817348619630, 48.818401335836484] 0.000000000000000 
[2.344197921207203, 48.815869712821026] 0.000000000000000 [2.344309051458112, 48.815977007316626] 0.000000000000000 
[2.337866856089649, 48.816828637235460] 0.000000000000000 [2.337649359330476, 48.816760950977844] 0.000000000000000 [2.337474962004023, 48.816660854580142] 0.000000000000000 
[2.324175980815633, 48.820555563115398] 0.000000000000000 [2.324116494306792, 48.820455648114752] 0.000000000000000 
[2.320995934395431, 48.821056252309326] 0.000000000000000 [2.320816331584882, 48.820980688768358] 0.000000000000000 
[2.329124546998082, 48.822386874860811] 0.000000000000000 [2.328864715475821, 48.821787797846127] 0.000000000000000 [2.328861761248349, 48.821781448720870] 0.000000000000000 
[2.344133519754720, 48.816972748432129] 0.000000000000000 [2.344133496340155, 48.816804180383386] 0.000000000000000 
[2.344648550875560, 48.819327588009756] 0.000000000000000 [2.344565628293198, 48.819311316969177] 0.000000000000000 
[2.325768914390421, 48.822693648712715] 0.000000000000000 [2.325568697611924, 48.822830616905847] 0.000000000000000 
[2.344118611096347, 48.816128305037900] 0.000000000000000 [2.344233089375144, 48.816126210526534] 0.000000000000000 
[2.347968115406445, 48.820236422659534] 0.000000000000000 [2.347008206145572, 48.819974305071860] 0.000000000000000 
[2.346460197589851, 48.822489992047615] 0.000000000000000 [2.346365517193673, 48.822335783232781] 0.000000000000000 
[2.322669742612857, 48.822663739153406] 0.000000000000000 [2.322604259427000, 48.822533426501849] 0.000000000000000 [2.322482185395457, 48.822328251532426] 0.000000000000000 [2.321515135746865, 48.821288693989551] 0.000000000000000 [2.321289535053761, 48.821100535487965] 0.000000000000000 
[2.344438359100035, 48.816067510022663] 0.000000000000000 [2.344313937157420, 48.816052986235228] 0.000000000000000 
[2.325618786829776, 48.820277833856750] 0.000000000000000 [2.325448569256167, 48.820227458935740] 0.000000000000000 [2.325454562362272, 48.820166578432236] 0.000000000000000 
[2.332694465304442, 48.818201684814319] 0.000000000000000 [2.332151795258335, 48.816983454394475] 0.000000000000000 
[2.325928320942359, 48.821908409003441] 0.000000000000000 [2.325576341312953, 48.822048050866179] 0.000000000000000 
[2.336336161285989, 48.816690463082281] 0.000000000000000 [2.336648690914072, 48.816677271216030] 0.000000000000000 
[2.336429954537254, 48.816847152813850] 0.000000000000000 [2.336117708343636, 48.816864526025910] 0.000000000000000 [2.335809546499548, 48.816918660975013] 0.000000000000000 [2.335579820883798, 48.816980619464054] 0.000000000000000 [2.335339934267114, 48.817056093640360] 0.000000000000000 [2.335168719471424, 48.817131783705086] 0.000000000000000 [2.334842698176031, 48.817306957649755] 0.000000000000000 [2.334137967896187, 48.817759648946165] 0.000000000000000 [2.333350710672217, 48.818275354391126] 0.000000000000000 [2.332876918648703, 48.818491580501032] 0.000000000000000 
[2.346028081937472, 48.816019906214720] 0.000000000000000 [2.345974609984860, 48.815956556990884] 0.000000000000000 
[2.321247891038082, 48.821011232338932] 0.000000000000000 [2.320995934395431, 48.821056252309326] 0.000000000000000 
[2.337474962004023, 48.816660854580142] 0.000000000000000 [2.337822460998973, 48.816638603240285] 0.000000000000000 
[2.333911249120709, 48.821480138625837] 0.000000000000000 [2.333056163442159, 48.821669233146075] 0.000000000000000 [2.332699187287257, 48.821713079440002] 0.000000000000000 [2.330369998179713, 48.822234134673408] 0.000000000000000 
[2.345134118939654, 48.822442393817205] 0.000000000000000 [2.345063490713493, 48.822772432632654] 0.000000000000000 
[2.325620168927319, 48.819828520641096] 0.000000000000000 [2.325947711171377, 48.819777544915084] 0.000000000000000 [2.326925340840166, 48.819593189458942] 0.000000000000000 [2.329320898732677, 48.819064690651722] 0.000000000000000 
[2.325228644657928, 48.822146865049426] 0.000000000000000 [2.325083422252191, 48.822168190955999] 0.000000000000000 [2.324910976417539, 48.822186384246884] 0.000000000000000 
[2.326611496399105, 48.822798715230228] 0.000000000000000 [2.325678143936986, 48.822995751568193] 0.000000000000000 [2.325612608275112, 48.822999145000800] 0.000000000000000 
[2.343909173615062, 48.816085243750003] 0.000000000000000 [2.343994459556596, 48.816102782930017] 0.000000000000000 
[2.339109278819121, 48.820132026117712] 0.000000000000000 [2.338123240537421, 48.820344057080582] 0.000000000000000 [2.337666662229552, 48.820489331512036] 0.000000000000000 [2.337416452441854, 48.820553002090406] 0.000000000000000 
[2.325502395828943, 48.820787090512027] 0.000000000000000 [2.325603433585916, 48.820600132831309] 0.000000000000000 [2.325707132335244, 48.820440422455789] 0.000000000000000 [2.325702607937365, 48.820335620640485] 0.000000000000000 [2.325618786829776, 48.820277833856750] 0.000000000000000 
[2.344447594326139, 48.815990674973662] 0.000000000000000 [2.344309051458112, 48.815977007316626] 0.000000000000000 
[2.325576341312953, 48.822048050866179] 0.000000000000000 [2.325383795516407, 48.822120747313377] 0.000000000000000 
[2.345162967690516, 48.822297338904605] 0.000000000000000 [2.345134118939654, 48.822442393817205] 0.000000000000000 
[2.344363055197364, 48.819833908263249] 0.000000000000000 [2.344630457628998, 48.819542003090334] 0.000000000000000 
[2.324684347527095, 48.822233689174467] 0.000000000000000 [2.324910976417539, 48.822186384246884] 0.000000000000000 
[2.325445379095715, 48.821595155204740] 0.000000000000000 [2.325437521480621, 48.821593795982203] 0.000000000000000 [2.325414343272307, 48.821590377086444] 0.000000000000000 [2.325390974226466, 48.821587496738708] 0.000000000000000 [2.325367468807391, 48.821585156145488] 0.000000000000000 [2.325343855382044, 48.821583373454473] 0.000000000000000 [2.325320172211391, 48.821582138988191] 0.000000000000000 [2.325296421890565, 48.821581462654535] 0.000000000000000 [2.325272657673437, 48.821581333961305] 0.000000000000000 [2.325248906657862, 48.821581763854049] 0.000000000000000 [2.325225182601966, 48.821582741617775] 0.000000000000000 [2.325201526234671, 48.821584277375621] 0.000000000000000 [2.325177978552388, 48.821586360566307] 0.000000000000000 [2.325154540881512, 48.821588993895631] 0.000000000000000 [2.325131280106765, 48.821592166049086] 0.000000000000000 [2.325108181129770, 48.821595885935423] 0.000000000000000 [2.325085314979336, 48.821600137766751] 0.000000000000000 [2.325062678954315, 48.821604919729218] 0.000000000000000 [2.325040316518958, 48.821610241062089] 0.000000000000000 [2.325018239150423, 48.821616056861139] 0.000000000000000 [2.324996502337398, 48.821622394421290] 0.000000000000000 [2.324975104950374, 48.821629235748702] 0.000000000000000 [2.324954104422595, 48.821636563180093] 0.000000000000000 [2.324933496562811, 48.821644384786431] 0.000000000000000 [2.324913325185229, 48.821652682827704] 0.000000000000000 [2.324912603213889, 48.821653006126766] 0.000000000000000 
[2.321709490085139, 48.820652608206366] 0.000000000000000 [2.321677369448718, 48.820594556095323] 0.000000000000000 
[2.325454562362272, 48.820166578432236] 0.000000000000000 [2.324116494306792, 48.820455648114752] 0.000000000000000 
[2.334953426396064, 48.816868203530191] 0.000000000000000 [2.334702331002747, 48.816975483788667] 0.000000000000000 [2.334467423785755, 48.817104615133410] 0.000000000000000 [2.334149976261242, 48.817317646851230] 0.000000000000000 [2.333820568944772, 48.817549302071392] 0.000000000000000 [2.333134467627504, 48.818018245949283] 0.000000000000000 [2.332928574578254, 48.818116710529019] 0.000000000000000 [2.332694465304442, 48.818201684814319] 0.000000000000000 
[2.325362015275870, 48.823070127149656] 0.000000000000000 [2.325612608275112, 48.822999145000800] 0.000000000000000 
[2.344133452082895, 48.816502896376129] 0.000000000000000 [2.344127742856017, 48.816377744524054] 0.000000000000000 
[2.342726829762606, 48.816488090436899] 0.000000000000000 [2.343883248306319, 48.816392149524248] 0.000000000000000 
[2.345917998899067, 48.822313915013453] 0.000000000000000 [2.345162967690516, 48.822297338904605] 0.000000000000000 
[2.327899178991639, 48.819620551019341] 0.000000000000000 [2.325747369813119, 48.820097362083381] 0.000000000000000 
[2.321055966317465, 48.820795272993912] 0.000000000000000 [2.321009585002788, 48.820743378754820] 0.000000000000000 
[2.343981082663746, 48.815876795816401] 0.000000000000000 [2.344197921207203, 48.815869712821026] 0.000000000000000 
[2.332917876264901, 48.818553640735871] 0.000000000000000 [2.332876918648703, 48.818491580501032] 0.000000000000000 
[2.343820289497107, 48.817146626423614] 0.000000000000000 [2.343749505674772, 48.817037575299381] 0.000000000000000 [2.343500758549823, 48.816842467196125] 0.000000000000000 
[2.343820289497107, 48.817146626423614] 0.000000000000000 [2.343924097582208, 48.817159083227878] 0.000000000000000 [2.344054040780672, 48.817108949512075] 0.000000000000000 
[2.332005678769479, 48.817003952683606] 0.000000000000000 [2.331971049635047, 48.817008852429453] 0.000000000000000 
[2.342403340992921, 48.821279123419252] 0.000000000000000 [2.341153081382501, 48.821172761653983] 0.000000000000000 
[2.325362015275870, 48.823070127149656] 0.000000000000000 [2.325151060767597, 48.822251335574450] 0.000000000000000 [2.325228644657928, 48.822146865049426] 0.000000000000000 
[2.335348953837199, 48.816921382685386] 0.000000000000000 [2.335504927882660, 48.816863982982532] 0.000000000000000 [2.335762705998838, 48.816802294701297] 0.000000000000000 [2.336175202875510, 48.816748177963646] 0.000000000000000 
[2.325928185751023, 48.821908436122200] 0.000000000000000 [2.325927055469021, 48.821905576012888] 0.000000000000000 [2.325920221802494, 48.821890539403000] 0.000000000000000 [2.325912599923903, 48.821875682722464] 0.000000000000000 [2.325904172128891, 48.821861005871270] 0.000000000000000 [2.325894983012686, 48.821846536082120] 0.000000000000000 [2.325885017373750, 48.821832290357378] 0.000000000000000 [2.325874302323275, 48.821818278742896] 0.000000000000000 [2.325862838770091, 48.821804536319526] 0.000000000000000 [2.325850638960320, 48.821791064055439] 0.000000000000000 [2.325837744881480, 48.821777880174771] 0.000000000000000 [2.325824143950957, 48.821765009789090] 0.000000000000000 [2.325809860427962, 48.821752472821281] 0.000000000000000 [2.325794922924631, 48.821740268533119] 0.000000000000000 [2.325779332582132, 48.821728414019006] 0.000000000000000 [2.325763128524310, 48.821716938279557] 0.000000000000000 [2.325746312020028, 48.821705848516693] 0.000000000000000 [2.325728923810785, 48.821695153953698] 0.000000000000000 [2.325710962278624, 48.821684874367712] 0.000000000000000 [2.325692470923702, 48.821675016299388] 0.000000000000000 [2.325673461758828, 48.821665598703241] 0.000000000000000 [2.325653961894359, 48.821656631625160] 0.000000000000000 [2.325633998475487, 48.821648122413016] 0.000000000000000 [2.325613586354951, 48.821640081043640] 0.000000000000000 [2.325592764807287, 48.821632524826470] 0.000000000000000 [2.325571535182199, 48.821625454668357] 0.000000000000000 [2.325549951735298, 48.821618887963382] 0.000000000000000 [2.325528040342423, 48.821612824857297] 0.000000000000000 [2.325505802132426, 48.821607283343866] 0.000000000000000 [2.325483291593016, 48.821602262830979] 0.000000000000000 [2.325460522331402, 48.821597764294644] 0.000000000000000 [2.325445379095715, 48.821595155204740] 0.000000000000000 
[2.334379272024655, 48.821363934714867] 0.000000000000000 [2.333911249120709, 48.821480138625837] 0.000000000000000 
[2.323918514710892, 48.822412176297753] 0.000000000000000 [2.324505795997331, 48.822270963753127] 0.000000000000000 [2.324684347527095, 48.822233689174467] 0.000000000000000 
[2.346488967482443, 48.821237525659470] 0.000000000000000 [2.346120490492044, 48.821235524782750] 0.000000000000000 
[2.329836975274445, 48.819267535142963] 0.000000000000000 [2.329416247333767, 48.819362410486882] 0.000000000000000 
[2.344133452082895, 48.816502896376129] 0.000000000000000 [2.344018591865718, 48.816510277978878] 0.000000000000000 
[2.332817348619630, 48.818401335836484] 0.000000000000000 [2.332763157574685, 48.818313286866626] 0.000000000000000 
[2.344054040780672, 48.817108949512075] 0.000000000000000 [2.344004767486662, 48.817068008156760] 0.000000000000000 [2.343992482675640, 48.816956543980758] 0.000000000000000 [2.343992489911364, 48.816810690936244] 0.000000000000000 
[2.344184862499487, 48.820028433215285] 0.000000000000000 [2.344363055197364, 48.819833908263249] 0.000000000000000 
[2.337474962004023, 48.816660854580142] 0.000000000000000 [2.337347598239523, 48.816571035940250] 0.000000000000000 
[2.332151795258335, 48.816983454394475] 0.000000000000000 [2.332005678769479, 48.817003952683606] 0.000000000000000 
[2.329921237345824, 48.820939038763782] 0.000000000000000 [2.329956951739086, 48.820891559056982] 0.000000000000000 [2.329542948658966, 48.819543262046068] 0.000000000000000 [2.329571261917124, 48.819442365205134] 0.000000000000000 
[2.325800454907544, 48.822818713681002] 0.000000000000000 [2.325768914390421, 48.822693648712715] 0.000000000000000 
[2.330369998179713, 48.822234134673408] 0.000000000000000 [2.330345942904062, 48.822164700864008] 0.000000000000000 [2.330326107168085, 48.822107470093520] 0.000000000000000 
[2.334926795016463, 48.822297659568548] 0.000000000000000 [2.333920619871887, 48.822346291857798] 0.000000000000000 [2.334069591007176, 48.822658253195485] 0.000000000000000 [2.335135273938282, 48.822623109342381] 0.000000000000000 
[2.338270810823242, 48.816710745480279] 0.000000000000000 [2.340936825490042, 48.816592777258727] 0.000000000000000 [2.342294146392309, 48.816520414757740] 0.000000000000000 [2.342726829762606, 48.816488090436899] 0.000000000000000 
[2.346532828021218, 48.816445282041386] 0.000000000000000 [2.345931239241335, 48.816487977236918] 0.000000000000000 [2.345215918698386, 48.816525336552992] 0.000000000000000 [2.344748472827771, 48.816568635330498] 0.000000000000000 [2.344550211085708, 48.816613253538108] 0.000000000000000 [2.344435288017052, 48.816657685322241] 0.000000000000000 [2.344324591473178, 48.816733681569026] 0.000000000000000 [2.344245676792802, 48.816810134426632] 0.000000000000000 [2.344133519754720, 48.816972748432129] 0.000000000000000 
[2.333832039895509, 48.821323312066220] 0.000000000000000 [2.333285049564529, 48.820244700024304] 0.000000000000000 
