[2.283112034917498, 48.882197737017080] 0.000000000000000 [2.283478299584642, 48.882633606964660] 0.000000000000000 [2.284122715045731, 48.883216276651034] 0.000000000000000 [2.285913555286141, 48.884340848734723] 0.000000000000000 
[2.279234138407390, 48.877386074278434] 0.000000000000000 [2.279380754867442, 48.877647845980626] 0.000000000000000 
[2.286241203431372, 48.884040698681211] 0.000000000000000 [2.285586280556537, 48.883629357564317] 0.000000000000000 
[2.281982643158713, 48.878595960452465] 0.000000000000000 [2.281187708615574, 48.878391153300420] 0.000000000000000 
[2.287009541367675, 48.880944478667701] 0.000000000000000 [2.287912062490489, 48.881470403828274] 0.000000000000000 
[2.279433591331780, 48.877254844258402] 0.000000000000000 [2.279234138407390, 48.877386074278434] 0.000000000000000 
[2.280837164906603, 48.878615873310387] 0.000000000000000 [2.280667996165487, 48.878370144610749] 0.000000000000000 
[2.284171432264408, 48.878135030586378] 0.000000000000000 [2.284067405006584, 48.878146735764567] 0.000000000000000 [2.283787750408301, 48.878112901678257] 0.000000000000000 [2.283517809909516, 48.878123756643078] 0.000000000000000 
[2.278926359166642, 48.877870961386073] 0.000000000000000 [2.277708865557415, 48.878029213853800] 0.000000000000000 
[2.286471887796528, 48.886917708901734] 0.000000000000000 [2.286117538830808, 48.886748327066840] 0.000000000000000 
[2.261554677409951, 48.880042200429379] 0.000000000000000 [2.261697675002516, 48.880026628940492] 0.000000000000000 
[2.287147491410672, 48.887249728736869] 0.000000000000000 [2.287109222334778, 48.887281483857237] 0.000000000000000 
[2.271160825277674, 48.877050360922716] 0.000000000000000 [2.271506898342999, 48.876932286488596] 0.000000000000000 [2.272032769103161, 48.876806147446857] 0.000000000000000 [2.272888118526525, 48.876684569122204] 0.000000000000000 [2.272998269727716, 48.876691555109964] 0.000000000000000 
[2.280354145817807, 48.877164511037925] 0.000000000000000 [2.280210209037531, 48.877120582496786] 0.000000000000000 
[2.275689426461322, 48.876576586876133] 0.000000000000000 [2.275692191690300, 48.876578440964117] 0.000000000000000 [2.275694903498686, 48.876580312715582] 0.000000000000000 [2.275697586301740, 48.876582211271796] 0.000000000000000 [2.275700215546531, 48.876584137383524] 0.000000000000000 [2.275702803515828, 48.876586090225715] 0.000000000000000 [2.275705350209630, 48.876588069798402] 0.000000000000000 [2.275707857116370, 48.876590067117128] 0.000000000000000 [2.275710321371731, 48.876592092057386] 0.000000000000000 [2.275712732206384, 48.876594134661183] 0.000000000000000 [2.275715115399077, 48.876596204077984] 0.000000000000000 [2.275717417766618, 48.876598300885277] 0.000000000000000 [2.275719704887313, 48.876600415587184] 0.000000000000000 [2.275721924953851, 48.876602547870171] 0.000000000000000 [2.275724117365914, 48.876604707865432] 0.000000000000000 [2.275726241372941, 48.876606884534255] 0.000000000000000 [2.275728337850443, 48.876609079922709] 0.000000000000000 [2.275730367136309, 48.876611302784163] 0.000000000000000 [2.275732368917657, 48.876613542566680] 0.000000000000000 [2.275734301030720, 48.876615791820448] 0.000000000000000 [2.275736193231526, 48.876618067812920] 0.000000000000000 [2.275738031999277, 48.876620362368335] 0.000000000000000 [2.275739814619520, 48.876622674570847] 0.000000000000000 [2.275741557577703, 48.876624995526797] 0.000000000000000 [2.275743244263519, 48.876627343122522] 0.000000000000000 [2.275744877641109, 48.876629700288440] 0.000000000000000 [2.275746456234748, 48.876632075109718] 0.000000000000000 [2.275747993790324, 48.876634459575484] 0.000000000000000 [2.275749464179114, 48.876636869715817] 0.000000000000000 [2.275750892291708, 48.876639280499631] 0.000000000000000 [2.275752266845943, 48.876641718839103] 0.000000000000000 [2.275753585502925, 48.876644156840293] 0.000000000000000 [2.275754850739091, 48.876646612505134] 0.000000000000000 [2.275756047557709, 48.876649085742883] 0.000000000000000 [2.275757203463372, 48.876651559632442] 0.000000000000000 [2.275758304584825, 48.876654051177347] 0.000000000000000 [2.275759351047312, 48.876656551385004] 0.000000000000000 [2.275760342838221, 48.876659061154648] 0.000000000000000 [2.275761281333423, 48.876661579595243] 0.000000000000000 [2.275762150172604, 48.876664106607841] 0.000000000000000 [2.275762979337115, 48.876666643273218] 0.000000000000000 [2.275763752479249, 48.876669188593006] 0.000000000000000 [2.275764458679480, 48.876671743400600] 0.000000000000000 [2.275765110358247, 48.876674296978983] 0.000000000000000 [2.275765707352773, 48.876676861018595] 0.000000000000000 [2.275766248337393, 48.876679432813418] 0.000000000000000 [2.275766736138789, 48.876682005185870] 0.000000000000000 [2.275767169281034, 48.876684586221003] 0.000000000000000 [2.275767534255603, 48.876687166843745] 0.000000000000000 [2.275767858317109, 48.876689748118309] 0.000000000000000 [2.275768114085875, 48.876692337973111] 0.000000000000000 [2.275768315308100, 48.876694928397256] 0.000000000000000 [2.275768448362511, 48.876697518408974] 0.000000000000000 [2.275768541754767, 48.876700117174181] 0.000000000000000 [2.275768565728458, 48.876702707425324] 0.000000000000000 [2.275768548801546, 48.876705297428984] 0.000000000000000 [2.275768463581840, 48.876707896012924] 0.000000000000000 [2.275768323940489, 48.876710486173501] 0.000000000000000 [2.275768116131473, 48.876713075921685] 0.000000000000000 [2.275767867296673, 48.876715674415081] 0.000000000000000 [2.275767550656833, 48.876718246417319] 0.000000000000000 [2.275767179357722, 48.876720827082323] 0.000000000000000 [2.275766753524382, 48.876723407417373] 0.000000000000000 [2.275766273269348, 48.876725979329059] 0.000000000000000 [2.275765738480069, 48.876728550910848] 0.000000000000000 [2.275765135635607, 48.876731113986779] 0.000000000000000 [2.275764478269286, 48.876733675833549] 0.000000000000000 [2.275763778876587, 48.876736220338529] 0.000000000000000 [2.275763012666907, 48.876738765338608] 0.000000000000000 [2.275762192047990, 48.876741301016054] 0.000000000000000 [2.275761315531402, 48.876743836355359] 0.000000000000000 [2.275760372447905, 48.876746354204386] 0.000000000000000 [2.275759387237855, 48.876748861905781] 0.000000000000000 [2.275758348831958, 48.876751371084012] 0.000000000000000 [2.275757254915912, 48.876753852046761] 0.000000000000000 [2.275756092819550, 48.876756333496324] 0.000000000000000 [2.275754889947481, 48.876758805705833] 0.000000000000000 [2.275753632778662, 48.876761260499244] 0.000000000000000 [2.275752319849668, 48.876763705062551] 0.000000000000000 [2.275750940341201, 48.876766133034884] 0.000000000000000 [2.275749520069506, 48.876768550867794] 0.000000000000000 [2.275748044012606, 48.876770960269099] 0.000000000000000 [2.275746513796582, 48.876773342362469] 0.000000000000000 [2.275744944030532, 48.876775725115884] 0.000000000000000 [2.275743305108380, 48.876778080470523] 0.000000000000000 [2.275741624046989, 48.876780426576836] 0.000000000000000 [2.275739890064780, 48.876782754376080] 0.000000000000000 [2.275738101785659, 48.876785064759275] 0.000000000000000 [2.275736257858950, 48.876787356818916] 0.000000000000000 [2.275734373281518, 48.876789630645732] 0.000000000000000 [2.275732434407260, 48.876791887056498] 0.000000000000000 [2.275730441248678, 48.876794125151982] 0.000000000000000 [2.275728407439359, 48.876796345014633] 0.000000000000000 [2.275726333091750, 48.876798538551036] 0.000000000000000 [2.275724189337876, 48.876800722674055] 0.000000000000000 [2.275722005058312, 48.876802879571564] 0.000000000000000 [2.275719780115490, 48.876805019135517] 0.000000000000000 [2.275717514659480, 48.876807130574676] 0.000000000000000 [2.275715179897133, 48.876809225406298] 0.000000000000000 [2.275712819618464, 48.876811292203904] 0.000000000000000 [2.275710403679655, 48.876813341577176] 0.000000000000000 [2.275707947102587, 48.876815371818346] 0.000000000000000 [2.275705450099761, 48.876817367639845] 0.000000000000000 [2.275702897461798, 48.876819344238463] 0.000000000000000 [2.275700319157437, 48.876821303594255] 0.000000000000000 [2.275697685455550, 48.876823226641136] 0.000000000000000 [2.275695009739411, 48.876825131446871] 0.000000000000000 [2.275692294986002, 48.876827000042674] 0.000000000000000 [2.275689538205936, 48.876828851296608] 0.000000000000000 [2.275686740900159, 48.876830675325017] 0.000000000000000 [2.275683903068670, 48.876832472127880] 0.000000000000000 [2.275681024698863, 48.876834242604453] 0.000000000000000 [2.275678118073671, 48.876835985929731] 0.000000000000000 [2.275675157414129, 48.876837692954297] 0.000000000000000 [2.275672169737416, 48.876839381828489] 0.000000000000000 [2.275669140296682, 48.876841034476215] 0.000000000000000 [2.275666085314619, 48.876842660888379] 0.000000000000000 [2.275662974809968, 48.876844259984203] 0.000000000000000 [2.275659849808409, 48.876845823018584] 0.000000000000000 [2.275656685644532, 48.876847358835626] 0.000000000000000 [2.275653479578966, 48.876848868318156] 0.000000000000000 [2.275650246758988, 48.876850340765642] 0.000000000000000 [2.275646987034315, 48.876851786969311] 0.000000000000000 [2.275643685545538, 48.876853196946520] 0.000000000000000 [2.275640357152276, 48.876854580679854] 0.000000000000000 [2.275637001879341, 48.876855936370880] 0.000000000000000 [2.275633604954979, 48.876857247741988] 0.000000000000000 [2.275630194772056, 48.876858532052559] 0.000000000000000 [2.275626744063458, 48.876859789137470] 0.000000000000000 [2.275623278983173, 48.876861001168237] 0.000000000000000 [2.275619774740501, 48.876862185981665] 0.000000000000000 [2.275616254625191, 48.876863335624549] 0.000000000000000 [2.275612708981114, 48.876864458132630] 0.000000000000000 [2.275609135219195, 48.876865543597418] 0.000000000000000 [2.275605534802883, 48.876866584833017] 0.000000000000000 [2.275601921127947, 48.876867599008015] 0.000000000000000 [2.275598279185195, 48.876868586930904] 0.000000000000000 [2.275594610612984, 48.876869528826113] 0.000000000000000 [2.275592551466513, 48.876870040682036] 0.000000000000000 
[2.286648922591204, 48.881283842248315] 0.000000000000000 [2.286869067100755, 48.881424729141358] 0.000000000000000 
[2.286648922591204, 48.881283842248315] 0.000000000000000 [2.286743149299602, 48.881234351926587] 0.000000000000000 
[2.279226168508193, 48.876783042851201] 0.000000000000000 [2.279734441546322, 48.877120426998673] 0.000000000000000 
[2.270188615964784, 48.877318619490829] 0.000000000000000 [2.270372004752172, 48.877503446038041] 0.000000000000000 
[2.284764309508284, 48.883124034255957] 0.000000000000000 [2.284055551337614, 48.882686257614090] 0.000000000000000 
[2.279680727398707, 48.878218649072885] 0.000000000000000 [2.279680261382429, 48.878220105898912] 0.000000000000000 [2.279679044891198, 48.878317623085373] 0.000000000000000 [2.279635765003300, 48.878416449313185] 0.000000000000000 
[2.285913555286141, 48.884340848734723] 0.000000000000000 [2.286359115421493, 48.884612626817734] 0.000000000000000 
[2.287189847152313, 48.884921315874401] 0.000000000000000 [2.287329432972118, 48.884982346468291] 0.000000000000000 [2.288811411044928, 48.885852505480088] 0.000000000000000 [2.289292951487002, 48.885948569015021] 0.000000000000000 
[2.258722716291092, 48.879955869419405] 0.000000000000000 [2.258988222529457, 48.879139389934430] 0.000000000000000 
[2.283370582220198, 48.881898399029616] 0.000000000000000 [2.283883793668422, 48.882207079959571] 0.000000000000000 [2.283964195983338, 48.882275929354428] 0.000000000000000 
[2.286966725008859, 48.884497596782360] 0.000000000000000 [2.286241203431372, 48.884040698681211] 0.000000000000000 
[2.283782455812077, 48.877351941417331] 0.000000000000000 [2.283823461007674, 48.877638019763602] 0.000000000000000 
[2.278827509389480, 48.877313845415529] 0.000000000000000 [2.278990053326072, 48.877266059516899] 0.000000000000000 [2.279021886533157, 48.877256704730677] 0.000000000000000 
[2.282928870369216, 48.882400068354677] 0.000000000000000 [2.283086951376540, 48.882544314506696] 0.000000000000000 
[2.284082006928234, 48.877416584564280] 0.000000000000000 [2.283823461007674, 48.877638019763602] 0.000000000000000 
[2.283930311739963, 48.877305157258348] 0.000000000000000 [2.283761948488491, 48.877200979435976] 0.000000000000000 
[2.277611296679479, 48.878043713374417] 0.000000000000000 [2.277708865557415, 48.878029213853800] 0.000000000000000 
[2.280045002443730, 48.878851957033845] 0.000000000000000 [2.279998221852976, 48.878852014741113] 0.000000000000000 
[2.258722716291092, 48.879955869419405] 0.000000000000000 [2.258929280470195, 48.880051764386032] 0.000000000000000 [2.259095524679026, 48.879984449695364] 0.000000000000000 [2.259600667140295, 48.879761430029284] 0.000000000000000 [2.259837214464961, 48.879673082692591] 0.000000000000000 [2.260105655057496, 48.879626914172505] 0.000000000000000 [2.260418816605092, 48.879580756929720] 0.000000000000000 [2.260648831576092, 48.879597780369053] 0.000000000000000 [2.261172727714039, 48.879631833367355] 0.000000000000000 [2.261651935994346, 48.879644793206751] 0.000000000000000 [2.262092841129636, 48.879632437803529] 0.000000000000000 [2.263089716825916, 48.879578300731495] 0.000000000000000 [2.263618027442857, 48.879532353997419] 0.000000000000000 [2.264029148316438, 48.879477751463334] 0.000000000000000 [2.264623519198056, 48.879391735135655] 0.000000000000000 [2.265141230147707, 48.879290918811790] 0.000000000000000 [2.265575877653878, 48.879181613549015] 0.000000000000000 [2.266215074719574, 48.879017648594555] 0.000000000000000 [2.266898989558760, 48.878862143480148] 0.000000000000000 [2.267314431094136, 48.878782316121864] 0.000000000000000 [2.267998262040218, 48.878673161683039] 0.000000000000000 [2.268861014662779, 48.878561996191571] 0.000000000000000 [2.269359453263893, 48.878524359393310] 0.000000000000000 [2.269685322591795, 48.878516124988401] 0.000000000000000 [2.269940898650735, 48.878524701420311] 0.000000000000000 [2.270356188218278, 48.878541804419015] 0.000000000000000 [2.270583769350186, 48.878543717400980] 0.000000000000000 
[2.284770444341167, 48.879696608924114] 0.000000000000000 [2.284495887114429, 48.879061954852098] 0.000000000000000 
[2.280600231453533, 48.878011299786870] 0.000000000000000 [2.280454384113303, 48.878098367983320] 0.000000000000000 
[2.262207661955687, 48.875848726434327] 0.000000000000000 [2.262736379844764, 48.875567776639208] 0.000000000000000 [2.263123685936416, 48.875306697454214] 0.000000000000000 [2.263402600840648, 48.875045637150691] 0.000000000000000 [2.263506328609207, 48.874912511294369] 0.000000000000000 
[2.275555630359359, 48.876528304561710] 0.000000000000000 [2.275558411629532, 48.876528710808437] 0.000000000000000 [2.275562241490404, 48.876529306866722] 0.000000000000000 [2.275566044709805, 48.876529955824793] 0.000000000000000 [2.275569847791710, 48.876530614674742] 0.000000000000000 [2.275573622856177, 48.876531327315583] 0.000000000000000 [2.275577398921385, 48.876532066043261] 0.000000000000000 [2.275581147081847, 48.876532850468415] 0.000000000000000 [2.275584882597032, 48.876533661797232] 0.000000000000000 [2.275588588844011, 48.876534518815269] 0.000000000000000 [2.275592282458233, 48.876535401837678] 0.000000000000000 [2.275595963302221, 48.876536320756387] 0.000000000000000 [2.275599614878024, 48.876537285364371] 0.000000000000000 [2.275603253821191, 48.876538275976685] 0.000000000000000 [2.275606866347906, 48.876539303302096] 0.000000000000000 [2.275610451107514, 48.876540366433112] 0.000000000000000 [2.275614006861722, 48.876541456368713] 0.000000000000000 [2.275617551083929, 48.876542591201620] 0.000000000000000 [2.275621066288241, 48.876543753738389] 0.000000000000000 [2.275624555101245, 48.876544951189750] 0.000000000000000 [2.275628017623006, 48.876546176361515] 0.000000000000000 [2.275631450889245, 48.876547446323286] 0.000000000000000 [2.275634857876757, 48.876548743106198] 0.000000000000000 [2.275638237222274, 48.876550066702052] 0.000000000000000 [2.275641576530472, 48.876551426029224] 0.000000000000000 [2.275644901692632, 48.876552822143751] 0.000000000000000 [2.275648185591685, 48.876554244089462] 0.000000000000000 [2.275651441711180, 48.876555702740013] 0.000000000000000 [2.275654657918542, 48.876557188129233] 0.000000000000000 [2.275657846346252, 48.876558710223350] 0.000000000000000 [2.275661007144496, 48.876560258231081] 0.000000000000000 [2.275664126654629, 48.876561833868564] 0.000000000000000 [2.275667206127673, 48.876563445237373] 0.000000000000000 [2.275670258083611, 48.876565074426466] 0.000000000000000 [2.275673269864791, 48.876566749238847] 0.000000000000000 [2.275676239144774, 48.876568440881528] 0.000000000000000 [2.275679182133460, 48.876570160244633] 0.000000000000000 [2.275682083721690, 48.876571915330871] 0.000000000000000 [2.275684945522762, 48.876573688163163] 0.000000000000000 [2.275689426461322, 48.876576586876133] 0.000000000000000 
[2.280654197111807, 48.878695541075459] 0.000000000000000 [2.280470213127798, 48.878434902854707] 0.000000000000000 
[2.281735700277140, 48.879023977819742] 0.000000000000000 [2.281789423216206, 48.879230333482369] 0.000000000000000 [2.281894291343503, 48.879495247898056] 0.000000000000000 [2.281846325952305, 48.879642787291495] 0.000000000000000 [2.281716265644162, 48.879777930464314] 0.000000000000000 
[2.279852242691839, 48.877081528712061] 0.000000000000000 [2.279734441546322, 48.877120426998673] 0.000000000000000 
[2.283968279124978, 48.880812180226599] 0.000000000000000 [2.283628496995191, 48.880558688044978] 0.000000000000000 [2.282551446738667, 48.879721045987608] 0.000000000000000 [2.282300224836140, 48.879538643472550] 0.000000000000000 [2.282197359062835, 48.879458522443443] 0.000000000000000 
[2.271160825277674, 48.877050360922716] 0.000000000000000 [2.270983211313769, 48.877064710333975] 0.000000000000000 [2.270519295849728, 48.877224935973452] 0.000000000000000 
[2.279844267435757, 48.878101536953572] 0.000000000000000 [2.279730212162886, 48.878047470401398] 0.000000000000000 [2.279525795536606, 48.877834194604489] 0.000000000000000 
[2.284221035867293, 48.881935995875317] 0.000000000000000 [2.284217802665468, 48.881899196349288] 0.000000000000000 [2.283827734318071, 48.881662416243287] 0.000000000000000 [2.283630190612782, 48.881572361839027] 0.000000000000000 
[2.280542251959971, 48.878823272559970] 0.000000000000000 [2.280654197111807, 48.878695541075459] 0.000000000000000 
[2.284881157006196, 48.879671020401581] 0.000000000000000 [2.284605623531306, 48.879041834122695] 0.000000000000000 
[2.277540239691339, 48.875919569428248] 0.000000000000000 [2.277089932995410, 48.875640055595490] 0.000000000000000 
[2.267605688737217, 48.879289657685561] 0.000000000000000 [2.268105401022215, 48.879233268225462] 0.000000000000000 
[2.279380754867442, 48.877647845980626] 0.000000000000000 [2.279471175699951, 48.877836226639303] 0.000000000000000 
[2.279680727398707, 48.878218649072885] 0.000000000000000 [2.279790168007235, 48.878361419546643] 0.000000000000000 
[2.283623698556516, 48.881091695290458] 0.000000000000000 [2.282731202905648, 48.881296401769326] 0.000000000000000 
[2.284038488528223, 48.881038596588390] 0.000000000000000 [2.284394038755097, 48.881123795099981] 0.000000000000000 
[2.285770761807739, 48.884458751492637] 0.000000000000000 [2.284657311465325, 48.883822920980364] 0.000000000000000 
[2.286484922581772, 48.886302637284459] 0.000000000000000 [2.285612490211310, 48.886398382564728] 0.000000000000000 
[2.280641210296571, 48.879303381811198] 0.000000000000000 [2.280487969917641, 48.878993731009992] 0.000000000000000 
[2.283521882025913, 48.876771310682429] 0.000000000000000 [2.283501329015840, 48.876852982777592] 0.000000000000000 [2.283422615642356, 48.877149797007426] 0.000000000000000 
[2.270280006124000, 48.877642690732827] 0.000000000000000 [2.270247035901058, 48.877756609977851] 0.000000000000000 [2.270342910671487, 48.878082024110746] 0.000000000000000 
[2.280487969917641, 48.878993731009992] 0.000000000000000 [2.280514829347641, 48.878898932918752] 0.000000000000000 [2.280542251959971, 48.878823272559970] 0.000000000000000 
[2.279525795536606, 48.877834194604489] 0.000000000000000 [2.279609437236411, 48.877990782191567] 0.000000000000000 [2.279680727398707, 48.878218649072885] 0.000000000000000 
[2.270188615964784, 48.877318619490829] 0.000000000000000 [2.270000259222845, 48.877403302481440] 0.000000000000000 [2.269899119851591, 48.877506201797992] 0.000000000000000 
[2.280354145817807, 48.877164511037925] 0.000000000000000 [2.280519067606060, 48.877447234543730] 0.000000000000000 [2.280706977866964, 48.877778170142314] 0.000000000000000 [2.280704780600502, 48.877780390903020] 0.000000000000000 
[2.279734441546322, 48.877120426998673] 0.000000000000000 [2.279523275250012, 48.877195842244099] 0.000000000000000 
[2.286469344447872, 48.880429685361676] 0.000000000000000 [2.285297412529941, 48.880674792838313] 0.000000000000000 
[2.280125467967875, 48.878164212535957] 0.000000000000000 [2.280327737230604, 48.878481550493596] 0.000000000000000 
[2.277791945092115, 48.875870949893262] 0.000000000000000 [2.279226168508193, 48.876783042851201] 0.000000000000000 
[2.282593345793593, 48.876978877430524] 0.000000000000000 [2.282587727824050, 48.876978910313930] 0.000000000000000 [2.282211913916182, 48.877026743631859] 0.000000000000000 [2.281864142750688, 48.877124059389558] 0.000000000000000 [2.281569067619854, 48.877280571173984] 0.000000000000000 [2.281367836252595, 48.877398188806794] 0.000000000000000 
[2.279226168508193, 48.876783042851201] 0.000000000000000 [2.279111513769493, 48.876602419295821] 0.000000000000000 [2.278949813808637, 48.876442167429047] 0.000000000000000 [2.277912730911837, 48.875796740800702] 0.000000000000000 
[2.279360852507943, 48.877091741584572] 0.000000000000000 [2.279433591331780, 48.877254844258402] 0.000000000000000 
[2.279635765003300, 48.878416449313185] 0.000000000000000 [2.279790168007235, 48.878361419546643] 0.000000000000000 
[2.275592551466513, 48.876870040682036] 0.000000000000000 [2.276959603498342, 48.877001950541135] 0.000000000000000 
[2.275281851264761, 48.876595099977081] 0.000000000000000 [2.275282150890977, 48.876594830189582] 0.000000000000000 [2.275284553315683, 48.876592772648607] 0.000000000000000 [2.275286996277729, 48.876590741433930] 0.000000000000000 [2.275289493398343, 48.876588737527335] 0.000000000000000 [2.275292018911365, 48.876586750880087] 0.000000000000000 [2.275294597206860, 48.876584792431963] 0.000000000000000 [2.275297217403268, 48.876582860318322] 0.000000000000000 [2.275299878249728, 48.876580946437606] 0.000000000000000 [2.275302580996998, 48.876579058891394] 0.000000000000000 [2.275305322768278, 48.876577208454428] 0.000000000000000 [2.275308106565393, 48.876575375359330] 0.000000000000000 [2.275310930900045, 48.876573568590494] 0.000000000000000 [2.275313797110379, 48.876571789954681] 0.000000000000000 [2.275316702369750, 48.876570046629595] 0.000000000000000 [2.275319649642546, 48.876568321545584] 0.000000000000000 [2.275322623681608, 48.876566632597275] 0.000000000000000 [2.275325639734196, 48.876564961890040] 0.000000000000000 [2.275328694835622, 48.876563326493518] 0.000000000000000 [2.275331778054288, 48.876561728140139] 0.000000000000000 [2.275334901935519, 48.876560147120294] 0.000000000000000 [2.275338053959016, 48.876558601345174] 0.000000000000000 [2.275341246494834, 48.876557083694749] 0.000000000000000 [2.275344479443080, 48.876555601363300] 0.000000000000000 [2.275347725649310, 48.876554146092296] 0.000000000000000 [2.275351013618632, 48.876552727047688] 0.000000000000000 [2.275354340749628, 48.876551335220313] 0.000000000000000 [2.275357683740143, 48.876549979462567] 0.000000000000000 [2.275361065904748, 48.876548650022769] 0.000000000000000 [2.275364476199135, 48.876547356726888] 0.000000000000000 [2.275367913384954, 48.876546090573939] 0.000000000000000 [2.275371377212076, 48.876544869549342] 0.000000000000000 [2.275374855660486, 48.876543675593389] 0.000000000000000 [2.275378374646377, 48.876542507963684] 0.000000000000000 [2.275381921624450, 48.876541386369716] 0.000000000000000 [2.275385480509589, 48.876540290928681] 0.000000000000000 [2.275389067524548, 48.876539231631547] 0.000000000000000 [2.275392681305857, 48.876538208469995] 0.000000000000000 [2.275396323342108, 48.876537212459631] 0.000000000000000 [2.275399978398598, 48.876536260595792] 0.000000000000000 [2.275403646700634, 48.876535336691603] 0.000000000000000 [2.275407343019818, 48.876534457024690] 0.000000000000000 [2.275411066217981, 48.876533605399977] 0.000000000000000 [2.275414802561724, 48.876532788929076] 0.000000000000000 [2.275418553276602, 48.876532017512169] 0.000000000000000 [2.275422317249467, 48.876531273155635] 0.000000000000000 [2.275426107988841, 48.876530564934761] 0.000000000000000 [2.275429898115093, 48.876529900777804] 0.000000000000000 [2.275433716483735, 48.876529264671305] 0.000000000000000 [2.275437535590132, 48.876528673536278] 0.000000000000000 [2.275441380237310, 48.876528108636670] 0.000000000000000 [2.275445225609648, 48.876527589607768] 0.000000000000000 [2.275449097761052, 48.876527105815178] 0.000000000000000 [2.275452970775346, 48.876526658001424] 0.000000000000000 [2.275456843289065, 48.876526246158193] 0.000000000000000 [2.275460742569464, 48.876525870450571] 0.000000000000000 [2.275464642700066, 48.876525531620970] 0.000000000000000 [2.275468542217729, 48.876525236855365] 0.000000000000000 [2.275472454993574, 48.876524969150125] 0.000000000000000 [2.275476368507158, 48.876524746416322] 0.000000000000000 [2.275480295153838, 48.876524559735650] 0.000000000000000 [2.275484222663475, 48.876524409033735] 0.000000000000000 [2.275488148309333, 48.876524294294093] 0.000000000000000 [2.275492074705578, 48.876524223626696] 0.000000000000000 [2.275496015585816, 48.876524189919877] 0.000000000000000 [2.275499942332051, 48.876524192101051] 0.000000000000000 [2.275503882211534, 48.876524230335292] 0.000000000000000 [2.275507807957029, 48.876524304457575] 0.000000000000000 [2.275511734565641, 48.876524414558645] 0.000000000000000 [2.275515660548711, 48.876524569622937] 0.000000000000000 [2.275519587394914, 48.876524760666015] 0.000000000000000 [2.275523500107163, 48.876524987597179] 0.000000000000000 [2.275527412319191, 48.876525250498830] 0.000000000000000 [2.275531311635564, 48.876525558289430] 0.000000000000000 [2.275535210576821, 48.876525893057959] 0.000000000000000 [2.275539108892588, 48.876526272789690] 0.000000000000000 [2.275542980929583, 48.876526679342525] 0.000000000000000 [2.275546852341208, 48.876527130858584] 0.000000000000000 [2.275550723252558, 48.876527618345186] 0.000000000000000 [2.275554567622378, 48.876528151537507] 0.000000000000000 [2.275555630359359, 48.876528304561710] 0.000000000000000 
[2.279790168007235, 48.878361419546643] 0.000000000000000 [2.279820196431485, 48.878403142538090] 0.000000000000000 
[2.277791945092115, 48.875870949893262] 0.000000000000000 [2.277806996823345, 48.875859005694814] 0.000000000000000 [2.277912730911837, 48.875796740800702] 0.000000000000000 
[2.280838446262814, 48.878314337559310] 0.000000000000000 [2.281054269222882, 48.878597733594425] 0.000000000000000 
[2.270775723355998, 48.878903682617000] 0.000000000000000 [2.274322272681776, 48.878452987625678] 0.000000000000000 
[2.270583769350186, 48.878543717400980] 0.000000000000000 [2.270720397737224, 48.878544119913954] 0.000000000000000 [2.271276353589938, 48.878498082119457] 0.000000000000000 [2.271615084431021, 48.878435056433027] 0.000000000000000 [2.271953644529554, 48.878354826148183] 0.000000000000000 [2.272465174822467, 48.878216393111892] 0.000000000000000 [2.272938168007896, 48.878081793365119] 0.000000000000000 [2.273564471079432, 48.877981000286326] 0.000000000000000 [2.274229040915711, 48.877935007986032] 0.000000000000000 [2.275219423494495, 48.877922900859531] 0.000000000000000 [2.275692210479331, 48.877946338373633] 0.000000000000000 [2.276209734801383, 48.877967683739904] 0.000000000000000 [2.276605911844489, 48.877946822331445] 0.000000000000000 [2.277040465516512, 48.877883831507638] 0.000000000000000 [2.277443122250967, 48.877791325365521] 0.000000000000000 [2.277916127402500, 48.877631427384564] 0.000000000000000 [2.278331655424409, 48.877454635861930] 0.000000000000000 [2.278611006816819, 48.877275381951151] 0.000000000000000 
[2.284541139303363, 48.885564306074080] 0.000000000000000 [2.284459449699983, 48.885637838507691] 0.000000000000000 
[2.285676136276255, 48.881293627504661] 0.000000000000000 [2.285297412529941, 48.880674792838313] 0.000000000000000 
[2.283968279124978, 48.880812180226599] 0.000000000000000 [2.284708854570148, 48.880827061158683] 0.000000000000000 
[2.282197359062835, 48.879458522443443] 0.000000000000000 [2.282235575306419, 48.879434656473578] 0.000000000000000 [2.282360915198708, 48.879399284120538] 0.000000000000000 
[2.272998269727716, 48.876691555109964] 0.000000000000000 [2.273697951463947, 48.876735945324455] 0.000000000000000 [2.274772627192094, 48.876806271817614] 0.000000000000000 
[2.279820196431485, 48.878403142538090] 0.000000000000000 [2.279971653864526, 48.878598135761649] 0.000000000000000 
[2.282757064850832, 48.882588034875972] 0.000000000000000 [2.282624303513164, 48.882419987963829] 0.000000000000000 [2.281799565470809, 48.881504041458498] 0.000000000000000 
[2.279330193618567, 48.877688162156069] 0.000000000000000 [2.279380754867442, 48.877647845980626] 0.000000000000000 
[2.280454384113303, 48.878098367983320] 0.000000000000000 [2.280450973461146, 48.878099985182800] 0.000000000000000 [2.280395591306104, 48.878124508268698] 0.000000000000000 [2.280269436859471, 48.878158168547422] 0.000000000000000 
[2.263503639558449, 48.876207062651652] 0.000000000000000 [2.264155288319428, 48.875832201584288] 0.000000000000000 [2.264520519639849, 48.875531310391992] 0.000000000000000 [2.264552502619124, 48.875503930290165] 0.000000000000000 [2.264872439955041, 48.875173306136205] 0.000000000000000 [2.264874720826181, 48.875170708445992] 0.000000000000000 
[2.284657311465325, 48.883822920980364] 0.000000000000000 [2.284172437848694, 48.883606405545699] 0.000000000000000 [2.283860321849363, 48.883450039411933] 0.000000000000000 [2.283551845748159, 48.883269995804191] 0.000000000000000 [2.283186025870517, 48.883023648014159] 0.000000000000000 [2.282892428668467, 48.882746290830603] 0.000000000000000 [2.282757064850832, 48.882588034875972] 0.000000000000000 
[2.269483556698522, 48.877255293406023] 0.000000000000000 [2.269688258342932, 48.877263821669729] 0.000000000000000 [2.270000356223219, 48.877330622712499] 0.000000000000000 [2.270188615964784, 48.877318619490829] 0.000000000000000 
[2.268105401022215, 48.879233268225462] 0.000000000000000 [2.270135750943600, 48.878977303121218] 0.000000000000000 [2.270775723355998, 48.878903682617000] 0.000000000000000 
[2.275393937599100, 48.876867649703271] 0.000000000000000 [2.275391361117312, 48.876866929023393] 0.000000000000000 [2.275387750060518, 48.876865892707343] 0.000000000000000 [2.275384179041776, 48.876864820659861] 0.000000000000000 [2.275380622032034, 48.876863721716823] 0.000000000000000 [2.275377079156518, 48.876862586885501] 0.000000000000000 [2.275373576444186, 48.876861407330082] 0.000000000000000 [2.275370101386890, 48.876860200062389] 0.000000000000000 [2.275366639100556, 48.876858956898161] 0.000000000000000 [2.275363219453848, 48.876857687011672] 0.000000000000000 [2.275359826211514, 48.876856381311256] 0.000000000000000 [2.275356459373766, 48.876855039796865] 0.000000000000000 [2.275353121541944, 48.876853671477669] 0.000000000000000 [2.275349810127123, 48.876852266445304] 0.000000000000000 [2.275346526354958, 48.876850834599878] 0.000000000000000 [2.275343282620898, 48.876849367023041] 0.000000000000000 [2.275340067892979, 48.876847872641427] 0.000000000000000 [2.275336893202969, 48.876846342528395] 0.000000000000000 [2.275333744804856, 48.876844784694825] 0.000000000000000 [2.275330639046499, 48.876843200139021] 0.000000000000000 [2.275327559692452, 48.876841579769312] 0.000000000000000 [2.275324521489658, 48.876839941661757] 0.000000000000000 [2.275321523450111, 48.876838258830141] 0.000000000000000 [2.275318554178881, 48.876836566279827] 0.000000000000000 [2.275315638704403, 48.876834829087969] 0.000000000000000 [2.275312735875621, 48.876833064992361] 0.000000000000000 [2.275309889195075, 48.876831283249736] 0.000000000000000 [2.275307082565070, 48.876829464876430] 0.000000000000000 [2.275304317086217, 48.876827628765326] 0.000000000000000 [2.275301579375172, 48.876825756848582] 0.000000000000000 [2.275298896448980, 48.876823867276570] 0.000000000000000 [2.275296253448200, 48.876821950066606] 0.000000000000000 [2.275293651723698, 48.876820006126152] 0.000000000000000 [2.275291091275475, 48.876818035455287] 0.000000000000000 [2.275288570615118, 48.876816047038382] 0.000000000000000 [2.275286092731961, 48.876814022007366] 0.000000000000000 [2.275283668145133, 48.876811988305455] 0.000000000000000 [2.275281284959709, 48.876809918880490] 0.000000000000000 [2.275278956446399, 48.876807839893679] 0.000000000000000 [2.275276654325002, 48.876805725992220] 0.000000000000000 [2.275274420521820, 48.876803601712240] 0.000000000000000 [2.275272215712274, 48.876801451526831] 0.000000000000000 [2.275270063085722, 48.876799274676969] 0.000000000000000 [2.275267966619881, 48.876797079280891] 0.000000000000000 [2.275265911192437, 48.876794874240453] 0.000000000000000 [2.275263909299045, 48.876792643443146] 0.000000000000000 [2.275261962328003, 48.876790385098751] 0.000000000000000 [2.275260056382935, 48.876788118009202] 0.000000000000000 [2.275258191601485, 48.876785832282657] 0.000000000000000 [2.275256395225698, 48.876783529882715] 0.000000000000000 [2.275254638650343, 48.876781208837542] 0.000000000000000 [2.275252938235357, 48.876778869246095] 0.000000000000000 [2.275251291229252, 48.876776512890508] 0.000000000000000 [2.275249685261605, 48.876774146890540] 0.000000000000000 [2.275248147724720, 48.876771762418713] 0.000000000000000 [2.275246651326391, 48.876769361108337] 0.000000000000000 [2.275245208236708, 48.876766950227982] 0.000000000000000 [2.275243821307561, 48.876764520801402] 0.000000000000000 [2.275242487662020, 48.876762083603325] 0.000000000000000 [2.275241208813523, 48.876759627850753] 0.000000000000000 [2.275239984637126, 48.876757162536421] 0.000000000000000 [2.275238816471071, 48.876754689467120] 0.000000000000000 [2.275237700375281, 48.876752197826853] 0.000000000000000 [2.275236640177296, 48.876749706524961] 0.000000000000000 [2.275235634776319, 48.876747196668653] 0.000000000000000 [2.275234684034790, 48.876744678149826] 0.000000000000000 [2.275233786589426, 48.876742150960247] 0.000000000000000 [2.275232945054146, 48.876739623209808] 0.000000000000000 [2.275232156940055, 48.876737077795909] 0.000000000000000 [2.275231438357196, 48.876734532803013] 0.000000000000000 [2.275230759449307, 48.876731978157522] 0.000000000000000 [2.275230148834293, 48.876729414932086] 0.000000000000000 [2.275229592878776, 48.876726843044139] 0.000000000000000 [2.275229267848924, 48.876725215065143] 0.000000000000000 
[2.283968279124978, 48.880812180226599] 0.000000000000000 [2.283831406152075, 48.880549520074389] 0.000000000000000 [2.282360915198708, 48.879399284120538] 0.000000000000000 
[2.286194473184679, 48.882253007679900] 0.000000000000000 [2.286382036932749, 48.882175672170085] 0.000000000000000 [2.286823745922763, 48.881842495394139] 0.000000000000000 [2.285941728673433, 48.881297927890039] 0.000000000000000 [2.285870431219226, 48.881270450549358] 0.000000000000000 [2.285742624042580, 48.881276283857517] 0.000000000000000 [2.285676136276255, 48.881293627504661] 0.000000000000000 
[2.262207661955687, 48.875848726434327] 0.000000000000000 [2.263503639558449, 48.876207062651652] 0.000000000000000 
[2.283898831111506, 48.881251166108385] 0.000000000000000 [2.283623698556516, 48.881091695290458] 0.000000000000000 
[2.274962999602261, 48.876321619902676] 0.000000000000000 [2.274923956999106, 48.876143272170957] 0.000000000000000 [2.275059055637447, 48.875658725702330] 0.000000000000000 [2.275204314607766, 48.875004985704869] 0.000000000000000 [2.275294716613235, 48.874400486724618] 0.000000000000000 
[2.280947261307059, 48.878046892358270] 0.000000000000000 [2.280704780600502, 48.877780390903020] 0.000000000000000 
[2.270027478877554, 48.877651635681971] 0.000000000000000 [2.270280006124000, 48.877642690732827] 0.000000000000000 
[2.287194878633314, 48.876276139789880] 0.000000000000000 [2.285245488635590, 48.876890616241958] 0.000000000000000 
[2.282617269505596, 48.876632703237554] 0.000000000000000 [2.282551494043823, 48.876563058831003] 0.000000000000000 [2.282314966847092, 48.876299188770332] 0.000000000000000 [2.282073108736576, 48.876173265076368] 0.000000000000000 [2.281798787669732, 48.876062791969559] 0.000000000000000 [2.281224753596285, 48.875873846446744] 0.000000000000000 
[2.282614983436442, 48.882040651057622] 0.000000000000000 [2.282412679589076, 48.881926382964835] 0.000000000000000 [2.281998368163451, 48.881451205279490] 0.000000000000000 
[2.278611006816819, 48.877275381951151] 0.000000000000000 [2.278827509389480, 48.877313845415529] 0.000000000000000 
[2.281224753596285, 48.875873846446744] 0.000000000000000 [2.280602067668699, 48.875683435698228] 0.000000000000000 [2.280165153298441, 48.875517672904586] 0.000000000000000 [2.279499909073423, 48.875224168590506] 0.000000000000000 
[2.280922393550996, 48.879631026823837] 0.000000000000000 [2.280782703206143, 48.879332794972399] 0.000000000000000 [2.280627573908244, 48.879101191227399] 0.000000000000000 [2.280487969917641, 48.878993731009992] 0.000000000000000 
[2.281054269222882, 48.878597733594425] 0.000000000000000 [2.281382224156533, 48.879052863061496] 0.000000000000000 [2.281716265644162, 48.879777930464314] 0.000000000000000 
[2.283761948488491, 48.877200979435976] 0.000000000000000 [2.283422615642356, 48.877149797007426] 0.000000000000000 
[2.283086951376540, 48.882544314506696] 0.000000000000000 [2.282971258605222, 48.882353704194223] 0.000000000000000 
[2.280269436859471, 48.878158168547422] 0.000000000000000 [2.280125467967875, 48.878164212535957] 0.000000000000000 
[2.286459921692818, 48.879330118404063] 0.000000000000000 [2.286364141211075, 48.879663985585395] 0.000000000000000 [2.286803996342564, 48.880347710028758] 0.000000000000000 
[2.257094651243408, 48.876632594048644] 0.000000000000000 [2.256737547676286, 48.876147904131209] 0.000000000000000 [2.256569387706460, 48.875854802123484] 0.000000000000000 [2.256474371524274, 48.875596652113700] 0.000000000000000 [2.256411004421202, 48.875233830370746] 0.000000000000000 [2.256264377796783, 48.874780410908045] 0.000000000000000 [2.256179464848031, 48.874599047288022] 0.000000000000000 [2.256052878010261, 48.874382681933497] 0.000000000000000 [2.255896478505379, 48.874148670263558] 0.000000000000000 
[2.282534400240165, 48.881341542925355] 0.000000000000000 [2.283112034917498, 48.882197737017080] 0.000000000000000 
[2.279551964062669, 48.877476574371151] 0.000000000000000 [2.279844267435757, 48.878101536953572] 0.000000000000000 
[2.279356223711108, 48.878521147175675] 0.000000000000000 [2.279635765003300, 48.878416449313185] 0.000000000000000 
[2.285525024150279, 48.881895589407115] 0.000000000000000 [2.285617257835800, 48.881797609320834] 0.000000000000000 
[2.281367836252595, 48.877398188806794] 0.000000000000000 [2.280752774278447, 48.877308950531429] 0.000000000000000 [2.280354145817807, 48.877164511037925] 0.000000000000000 
[2.280327737230604, 48.878481550493596] 0.000000000000000 [2.279820196431485, 48.878403142538090] 0.000000000000000 
[2.283823461007674, 48.877638019763602] 0.000000000000000 [2.283933411138155, 48.877722746963713] 0.000000000000000 [2.284171432264408, 48.878135030586378] 0.000000000000000 
[2.285843010200799, 48.881921198576904] 0.000000000000000 [2.285617257835800, 48.881797609320834] 0.000000000000000 
[2.270027478877554, 48.877651635681971] 0.000000000000000 [2.270198931262249, 48.877972461891716] 0.000000000000000 [2.270342910671487, 48.878082024110746] 0.000000000000000 
[2.277540239691339, 48.875919569428248] 0.000000000000000 [2.277475382456840, 48.876001100020865] 0.000000000000000 [2.277455258495383, 48.876069659564202] 0.000000000000000 
[2.280882739471695, 48.879936518145875] 0.000000000000000 [2.280780100292452, 48.879560768226469] 0.000000000000000 
[2.280243764346248, 48.878863430766124] 0.000000000000000 [2.280045002443730, 48.878851957033845] 0.000000000000000 
[2.281962162713006, 48.879274526287006] 0.000000000000000 [2.282018296604832, 48.879508841428624] 0.000000000000000 [2.281968606591295, 48.879686055916430] 0.000000000000000 
[2.270342910671487, 48.878082024110746] 0.000000000000000 [2.270583769350186, 48.878543717400980] 0.000000000000000 
[2.280354425133763, 48.877698366220770] 0.000000000000000 [2.280600231453533, 48.878011299786870] 0.000000000000000 
[2.282617269505596, 48.876632703237554] 0.000000000000000 [2.282705503737919, 48.876585559659155] 0.000000000000000 [2.282761566982895, 48.876559399168087] 0.000000000000000 [2.282798934926101, 48.876548643887979] 0.000000000000000 [2.282903946170241, 48.876594889397197] 0.000000000000000 [2.282943637269999, 48.876604152046895] 0.000000000000000 [2.282978657388749, 48.876596461993849] 0.000000000000000 [2.283055760457941, 48.876554924533096] 0.000000000000000 [2.283095509682364, 48.876497956355657] 0.000000000000000 [2.283023329043663, 48.876438453494089] 0.000000000000000 [2.282848169933998, 48.876319190281116] 0.000000000000000 [2.282509069052831, 48.876113185727512] 0.000000000000000 
[2.284541139303363, 48.885564306074080] 0.000000000000000 [2.284430426533327, 48.885487457348695] 0.000000000000000 [2.282348615762339, 48.883879687311811] 0.000000000000000 [2.282290606344253, 48.883833544503254] 0.000000000000000 
[2.270372004752172, 48.877503446038041] 0.000000000000000 [2.270280006124000, 48.877642690732827] 0.000000000000000 
[2.279958050421881, 48.877085340753077] 0.000000000000000 [2.279852242691839, 48.877081528712061] 0.000000000000000 
[2.271160825277674, 48.877050360922716] 0.000000000000000 [2.270509930017399, 48.877367259201222] 0.000000000000000 
[2.281313569995822, 48.880932227094071] 0.000000000000000 [2.281063451555679, 48.880629678981244] 0.000000000000000 
[2.277617102926610, 48.876400451335265] 0.000000000000000 [2.277590947056202, 48.876269953584803] 0.000000000000000 [2.277595337702235, 48.876143517222047] 0.000000000000000 
[2.279635765003300, 48.878416449313185] 0.000000000000000 [2.279529550916658, 48.878572906939219] 0.000000000000000 
[2.285297412529941, 48.880674792838313] 0.000000000000000 [2.285145976233552, 48.880578195510651] 0.000000000000000 [2.284834704348268, 48.879839082976162] 0.000000000000000 [2.284770444341167, 48.879696608924114] 0.000000000000000 
[2.283898831111506, 48.881251166108385] 0.000000000000000 [2.284038488528223, 48.881038596588390] 0.000000000000000 
[2.286782816023649, 48.883622332242268] 0.000000000000000 [2.286241203431372, 48.884040698681211] 0.000000000000000 
[2.280132817225106, 48.879438724351495] 0.000000000000000 [2.280481555639880, 48.879336117920936] 0.000000000000000 
[2.280780100292452, 48.879560768226469] 0.000000000000000 [2.280641210296571, 48.879303381811198] 0.000000000000000 
[2.282757064850832, 48.882588034875972] 0.000000000000000 [2.282123147898386, 48.883338179983340] 0.000000000000000 [2.281914639743256, 48.883565173925746] 0.000000000000000 
[2.285330973963829, 48.884855216922162] 0.000000000000000 [2.284541139303363, 48.885564306074080] 0.000000000000000 
[2.283823461007674, 48.877638019763602] 0.000000000000000 [2.283517809909516, 48.878123756643078] 0.000000000000000 
[2.283968279124978, 48.880812180226599] 0.000000000000000 [2.284295643158747, 48.880911027006533] 0.000000000000000 [2.284394038755097, 48.881123795099981] 0.000000000000000 
[2.286359115421493, 48.884612626817734] 0.000000000000000 [2.286631288364918, 48.884679922713218] 0.000000000000000 [2.287086718074900, 48.884866676126947] 0.000000000000000 [2.287189847152313, 48.884921315874401] 0.000000000000000 
[2.270600665851080, 48.876763069817528] 0.000000000000000 [2.270545940120902, 48.876987857148286] 0.000000000000000 [2.270494254048240, 48.877140641783875] 0.000000000000000 [2.270519295849728, 48.877224935973452] 0.000000000000000 
[2.270509930017399, 48.877367259201222] 0.000000000000000 [2.270372004752172, 48.877503446038041] 0.000000000000000 
[2.280454384113303, 48.878098367983320] 0.000000000000000 [2.280082283323797, 48.877667736977521] 0.000000000000000 [2.279760334662484, 48.877426912895224] 0.000000000000000 
[2.286194473184679, 48.882253007679900] 0.000000000000000 [2.286012096188013, 48.882230975528238] 0.000000000000000 [2.285525024150279, 48.881895589407115] 0.000000000000000 
[2.269899119851591, 48.877506201797992] 0.000000000000000 [2.270027478877554, 48.877651635681971] 0.000000000000000 
[2.282928870369216, 48.882400068354677] 0.000000000000000 [2.282757064850832, 48.882588034875972] 0.000000000000000 
[2.281968606591295, 48.879686055916430] 0.000000000000000 [2.281716265644162, 48.879777930464314] 0.000000000000000 
[2.283127280550024, 48.877022806307473] 0.000000000000000 [2.283053832674391, 48.876911090936424] 0.000000000000000 [2.282617269505596, 48.876632703237554] 0.000000000000000 
[2.277595337702235, 48.876143517222047] 0.000000000000000 [2.277643186510225, 48.876032841467087] 0.000000000000000 [2.277667890738728, 48.875999131182610] 0.000000000000000 
[2.283127280550024, 48.877022806307473] 0.000000000000000 [2.283521882025913, 48.876771310682429] 0.000000000000000 
[2.281187708615574, 48.878391153300420] 0.000000000000000 [2.280838446262814, 48.878314337559310] 0.000000000000000 
[2.282731202905648, 48.881296401769326] 0.000000000000000 [2.283055068099101, 48.881969573084206] 0.000000000000000 [2.283112034917498, 48.882197737017080] 0.000000000000000 
[2.286365161453002, 48.881166128486932] 0.000000000000000 [2.286398994270924, 48.881201287408160] 0.000000000000000 [2.286467986859095, 48.881269113867283] 0.000000000000000 [2.286553493307877, 48.881335302072117] 0.000000000000000 [2.286648922591204, 48.881283842248315] 0.000000000000000 
[2.282617269505596, 48.876632703237554] 0.000000000000000 [2.282682355037277, 48.876834423476474] 0.000000000000000 [2.282593345793593, 48.876978877430524] 0.000000000000000 
[2.280269436859471, 48.878158168547422] 0.000000000000000 [2.279890841352973, 48.877673900780664] 0.000000000000000 [2.279760334662484, 48.877426912895224] 0.000000000000000 
[2.277595337702235, 48.876143517222047] 0.000000000000000 [2.277455258495383, 48.876069659564202] 0.000000000000000 
[2.284657311465325, 48.883822920980364] 0.000000000000000 [2.283928933472639, 48.883311609387626] 0.000000000000000 [2.283086951376540, 48.882544314506696] 0.000000000000000 
[2.279525795536606, 48.877834194604489] 0.000000000000000 [2.279338628867892, 48.877480001935197] 0.000000000000000 [2.279234138407390, 48.877386074278434] 0.000000000000000 
[2.281800680026869, 48.880499829962602] 0.000000000000000 [2.281637154724623, 48.880417548633474] 0.000000000000000 [2.281254284988752, 48.879934991027731] 0.000000000000000 [2.281130926971438, 48.879733978295931] 0.000000000000000 
[2.279523275250012, 48.877195842244099] 0.000000000000000 [2.279433591331780, 48.877254844258402] 0.000000000000000 
[2.281788736655678, 48.878976180431017] 0.000000000000000 [2.281818148912127, 48.878801590841661] 0.000000000000000 [2.281931658288097, 48.878712374609300] 0.000000000000000 [2.281982643158713, 48.878595960452465] 0.000000000000000 
[2.283686063430548, 48.876119250573822] 0.000000000000000 [2.283246627422467, 48.875990907511969] 0.000000000000000 [2.282503100663776, 48.875687051444295] 0.000000000000000 
[2.285297412529941, 48.880674792838313] 0.000000000000000 [2.284708854570148, 48.880827061158683] 0.000000000000000 
[2.258988222529457, 48.879139389934430] 0.000000000000000 [2.259247473926028, 48.878611672926844] 0.000000000000000 [2.259626822177759, 48.877970565022949] 0.000000000000000 [2.260005145353667, 48.877448349670203] 0.000000000000000 [2.260303092364573, 48.877074440820444] 0.000000000000000 [2.260603538659160, 48.876747575060989] 0.000000000000000 
[2.280125467967875, 48.878164212535957] 0.000000000000000 [2.279844612480599, 48.877788356133145] 0.000000000000000 [2.279551964062669, 48.877476574371151] 0.000000000000000 
[2.281539797759459, 48.879809770283373] 0.000000000000000 [2.281204920771318, 48.879102327138604] 0.000000000000000 [2.280837164906603, 48.878615873310387] 0.000000000000000 
[2.280704780600502, 48.877780390903020] 0.000000000000000 [2.280210209037531, 48.877120582496786] 0.000000000000000 
[2.284495887114429, 48.879061954852098] 0.000000000000000 [2.284129118512238, 48.878205963946350] 0.000000000000000 [2.284171432264408, 48.878135030586378] 0.000000000000000 
[2.281063451555679, 48.880629678981244] 0.000000000000000 [2.280863788886032, 48.880056292519221] 0.000000000000000 [2.280882739471695, 48.879936518145875] 0.000000000000000 
[2.279852242691839, 48.877081528712061] 0.000000000000000 [2.279595268403308, 48.876836348156736] 0.000000000000000 [2.279006233338534, 48.876299094526658] 0.000000000000000 [2.278672478482434, 48.876068890113338] 0.000000000000000 [2.278058528899439, 48.875737373198739] 0.000000000000000 
[2.283968279124978, 48.880812180226599] 0.000000000000000 [2.283586619423916, 48.880703182365131] 0.000000000000000 [2.282185181558676, 48.879633012105714] 0.000000000000000 
[2.274772627192094, 48.876806271817614] 0.000000000000000 [2.275233751601564, 48.876880072993181] 0.000000000000000 [2.275393937599100, 48.876867649703271] 0.000000000000000 
[2.277423156024184, 48.876282231377139] 0.000000000000000 [2.277380413593511, 48.876306264612843] 0.000000000000000 [2.277361508165355, 48.876371002977535] 0.000000000000000 [2.277315432163673, 48.876491122496404] 0.000000000000000 [2.277253969773334, 48.876582906145003] 0.000000000000000 [2.277157609178370, 48.876660643553180] 0.000000000000000 [2.276975086623721, 48.876745350230117] 0.000000000000000 [2.276693873228945, 48.876815975623600] 0.000000000000000 [2.276559549596660, 48.876863278750442] 0.000000000000000 
[2.280922393550996, 48.879631026823837] 0.000000000000000 [2.280780100292452, 48.879560768226469] 0.000000000000000 
[2.277455258495383, 48.876069659564202] 0.000000000000000 [2.277441993965246, 48.876114930655234] 0.000000000000000 [2.277423156024184, 48.876282231377139] 0.000000000000000 
[2.280176843026179, 48.879630614966068] 0.000000000000000 [2.280481555639880, 48.879336117920936] 0.000000000000000 
[2.281063451555679, 48.880629678981244] 0.000000000000000 [2.280780552244411, 48.880608498305818] 0.000000000000000 [2.280399122399074, 48.880580549898070] 0.000000000000000 
[2.282120146571660, 48.883820801505195] 0.000000000000000 [2.282290606344253, 48.883833544503254] 0.000000000000000 
[2.284082006928234, 48.877416584564280] 0.000000000000000 [2.283930311739963, 48.877305157258348] 0.000000000000000 
[2.261697675002516, 48.880026628940492] 0.000000000000000 [2.262583143112128, 48.879912647590864] 0.000000000000000 [2.264619927692655, 48.879658250843804] 0.000000000000000 
[2.274322272681776, 48.878452987625678] 0.000000000000000 [2.277611296679479, 48.878043713374417] 0.000000000000000 
[2.279226168508193, 48.876783042851201] 0.000000000000000 [2.279360852507943, 48.877091741584572] 0.000000000000000 
[2.284038488528223, 48.881038596588390] 0.000000000000000 [2.283968279124978, 48.880812180226599] 0.000000000000000 
[2.283623698556516, 48.881091695290458] 0.000000000000000 [2.283968279124978, 48.880812180226599] 0.000000000000000 
[2.279471175699951, 48.877836226639303] 0.000000000000000 [2.279680727398707, 48.878218649072885] 0.000000000000000 
[2.285770761807739, 48.884458751492637] 0.000000000000000 [2.285330973963829, 48.884855216922162] 0.000000000000000 
[2.274962999602261, 48.876321619902676] 0.000000000000000 [2.275130848918762, 48.876426979936824] 0.000000000000000 [2.275281851264761, 48.876595099977081] 0.000000000000000 
[2.281800680026869, 48.880499829962602] 0.000000000000000 [2.281539797759459, 48.879809770283373] 0.000000000000000 
[2.285122970416095, 48.880188880230889] 0.000000000000000 [2.284881157006196, 48.879671020401581] 0.000000000000000 
[2.286966881978313, 48.875911204186444] 0.000000000000000 [2.287075142952979, 48.875900999328380] 0.000000000000000 
[2.280243764346248, 48.878863430766124] 0.000000000000000 [2.279971653864526, 48.878598135761649] 0.000000000000000 
[2.287189847152313, 48.884921315874401] 0.000000000000000 [2.287321252631219, 48.885049375531644] 0.000000000000000 [2.287442103751002, 48.885122826689980] 0.000000000000000 [2.288339780964901, 48.885678116565124] 0.000000000000000 [2.288877770390914, 48.886015571967910] 0.000000000000000 
[2.277667890738728, 48.875999131182610] 0.000000000000000 [2.277791945092115, 48.875870949893262] 0.000000000000000 
[2.279523275250012, 48.877195842244099] 0.000000000000000 [2.279360852507943, 48.877091741584572] 0.000000000000000 
[2.279844267435757, 48.878101536953572] 0.000000000000000 [2.279863516127826, 48.878270053403106] 0.000000000000000 [2.279820196431485, 48.878403142538090] 0.000000000000000 
[2.278827509389480, 48.877313845415529] 0.000000000000000 [2.279234138407390, 48.877386074278434] 0.000000000000000 
[2.274772627192094, 48.876806271817614] 0.000000000000000 [2.275001030538900, 48.876798041346078] 0.000000000000000 [2.275156318342278, 48.876743521069010] 0.000000000000000 [2.275229267848924, 48.876725215065143] 0.000000000000000 
[2.283422615642356, 48.877149797007426] 0.000000000000000 [2.283200343692120, 48.877048074630629] 0.000000000000000 [2.283127280550024, 48.877022806307473] 0.000000000000000 
[2.280837164906603, 48.878615873310387] 0.000000000000000 [2.280917375207550, 48.878603628568918] 0.000000000000000 [2.281054269222882, 48.878597733594425] 0.000000000000000 
[2.285913555286141, 48.884340848734723] 0.000000000000000 [2.285770761807739, 48.884458751492637] 0.000000000000000 
[2.279360852507943, 48.877091741584572] 0.000000000000000 [2.278444994789605, 48.876504671522035] 0.000000000000000 
[2.283370582220198, 48.881898399029616] 0.000000000000000 [2.283112034917498, 48.882197737017080] 0.000000000000000 
[2.274962999602261, 48.876321619902676] 0.000000000000000 [2.275405024930691, 48.876446758888385] 0.000000000000000 [2.275555630359359, 48.876528304561710] 0.000000000000000 
[2.260603538659160, 48.876747575060989] 0.000000000000000 [2.260808317602502, 48.876570014159512] 0.000000000000000 [2.260961056098012, 48.876445476220063] 0.000000000000000 [2.261321709126170, 48.876237801576288] 0.000000000000000 [2.262207661955687, 48.875848726434327] 0.000000000000000 
[2.286696071351590, 48.882578136898722] 0.000000000000000 [2.286265047971516, 48.882360385653712] 0.000000000000000 [2.286194473184679, 48.882253007679900] 0.000000000000000 
[2.283112034917498, 48.882197737017080] 0.000000000000000 [2.282971258605222, 48.882353704194223] 0.000000000000000 
[2.281735700277140, 48.879023977819742] 0.000000000000000 [2.281187708615574, 48.878391153300420] 0.000000000000000 
[2.282343950423798, 48.881387953932744] 0.000000000000000 [2.282112448375918, 48.881431170451634] 0.000000000000000 
[2.283930311739963, 48.877305157258348] 0.000000000000000 [2.283782455812077, 48.877351941417331] 0.000000000000000 
[2.285242240899123, 48.881675966886064] 0.000000000000000 [2.284429080212030, 48.881201193817219] 0.000000000000000 [2.284394038755097, 48.881123795099981] 0.000000000000000 
[2.280838446262814, 48.878314337559310] 0.000000000000000 [2.280667996165487, 48.878370144610749] 0.000000000000000 
[2.260603538659160, 48.876747575060989] 0.000000000000000 [2.260816428725239, 48.876783777155730] 0.000000000000000 [2.261149637988678, 48.876783998634281] 0.000000000000000 [2.261536636819772, 48.876736772472945] 0.000000000000000 [2.262043719729395, 48.876617770393118] 0.000000000000000 [2.262691849375464, 48.876446763449771] 0.000000000000000 [2.263337465230962, 48.876249105252029] 0.000000000000000 [2.263503639558449, 48.876207062651652] 0.000000000000000 
[2.277842458056997, 48.876660863884602] 0.000000000000000 [2.277617102926610, 48.876400451335265] 0.000000000000000 
[2.282185181558676, 48.879633012105714] 0.000000000000000 [2.282067793564496, 48.879616526588677] 0.000000000000000 [2.281968606591295, 48.879686055916430] 0.000000000000000 
[2.286803996342564, 48.880347710028758] 0.000000000000000 [2.286469344447872, 48.880429685361676] 0.000000000000000 
[2.281080936701827, 48.878234942425529] 0.000000000000000 [2.280947261307059, 48.878046892358270] 0.000000000000000 
[2.287194878633314, 48.876276139789880] 0.000000000000000 [2.287298789889430, 48.876402712159944] 0.000000000000000 [2.288025961833353, 48.877822531503618] 0.000000000000000 
[2.285843010200799, 48.881921198576904] 0.000000000000000 [2.285920462350874, 48.881744822100785] 0.000000000000000 [2.285855203135327, 48.881627195237471] 0.000000000000000 [2.285752825801091, 48.881432420257610] 0.000000000000000 [2.285676136276255, 48.881293627504661] 0.000000000000000 
[2.269483556698522, 48.877255293406023] 0.000000000000000 [2.269710643460098, 48.877365768301843] 0.000000000000000 [2.269899119851591, 48.877506201797992] 0.000000000000000 
[2.279433591331780, 48.877254844258402] 0.000000000000000 [2.279551964062669, 48.877476574371151] 0.000000000000000 
[2.281968606591295, 48.879686055916430] 0.000000000000000 [2.281932769351574, 48.879789635512374] 0.000000000000000 [2.282136718744671, 48.880306646637813] 0.000000000000000 [2.282374808258729, 48.880778609788898] 0.000000000000000 [2.282731202905648, 48.881296401769326] 0.000000000000000 
[2.281788736655678, 48.878976180431017] 0.000000000000000 [2.281936865719828, 48.879168957555045] 0.000000000000000 [2.281962162713006, 48.879274526287006] 0.000000000000000 
[2.281539797759459, 48.879809770283373] 0.000000000000000 [2.281440114008336, 48.879823120759745] 0.000000000000000 [2.281357509457056, 48.879817145252183] 0.000000000000000 [2.281232229920283, 48.879784000750725] 0.000000000000000 [2.281130926971438, 48.879733978295931] 0.000000000000000 
[2.287147491410672, 48.887249728736869] 0.000000000000000 [2.286471887796528, 48.886917708901734] 0.000000000000000 
[2.286117538830808, 48.886748327066840] 0.000000000000000 [2.285612490211310, 48.886398382564728] 0.000000000000000 
[2.282731202905648, 48.881296401769326] 0.000000000000000 [2.282534400240165, 48.881341542925355] 0.000000000000000 
[2.280470213127798, 48.878434902854707] 0.000000000000000 [2.280391037047889, 48.878460826187620] 0.000000000000000 [2.280327737230604, 48.878481550493596] 0.000000000000000 
[2.279234138407390, 48.877386074278434] 0.000000000000000 [2.279077341433089, 48.877240401783666] 0.000000000000000 
[2.285525024150279, 48.881895589407115] 0.000000000000000 [2.285305244101483, 48.881758269939830] 0.000000000000000 [2.285242240899123, 48.881675966886064] 0.000000000000000 
[2.280470213127798, 48.878434902854707] 0.000000000000000 [2.280269436859471, 48.878158168547422] 0.000000000000000 
[2.286484922581772, 48.886302637284459] 0.000000000000000 [2.286479372419566, 48.886127464404822] 0.000000000000000 [2.286269843890838, 48.885960466584052] 0.000000000000000 [2.286226548481330, 48.885867471887735] 0.000000000000000 [2.286053131722707, 48.885738636307053] 0.000000000000000 [2.285861580955811, 48.885674163754352] 0.000000000000000 [2.285511155124055, 48.885399808696903] 0.000000000000000 [2.285518575244526, 48.885213832860266] 0.000000000000000 [2.285384976229861, 48.885049250540455] 0.000000000000000 [2.285330973963829, 48.884855216922162] 0.000000000000000 
[2.283127280550024, 48.877022806307473] 0.000000000000000 [2.282593345793593, 48.876978877430524] 0.000000000000000 
[2.281962162713006, 48.879274526287006] 0.000000000000000 [2.281827450923519, 48.879167141977419] 0.000000000000000 [2.281735700277140, 48.879023977819742] 0.000000000000000 
[2.284221035867293, 48.881935995875317] 0.000000000000000 [2.284134562706753, 48.882203445344388] 0.000000000000000 [2.283964195983338, 48.882275929354428] 0.000000000000000 
[2.286337122731345, 48.885025816450785] 0.000000000000000 [2.286565763793154, 48.885114090754769] 0.000000000000000 [2.286710885987037, 48.885188461600457] 0.000000000000000 [2.288200594313472, 48.886124989136370] 0.000000000000000 
[2.281054269222882, 48.878597733594425] 0.000000000000000 [2.281178201439241, 48.878613387070970] 0.000000000000000 [2.281271015417933, 48.878632307963649] 0.000000000000000 [2.281332328007054, 48.878670107490130] 0.000000000000000 [2.281504826685773, 48.878928768767658] 0.000000000000000 [2.281573520517500, 48.879059979227790] 0.000000000000000 [2.281783400284836, 48.879472487705499] 0.000000000000000 [2.281792889610169, 48.879546907418359] 0.000000000000000 [2.281731594370503, 48.879638945903274] 0.000000000000000 [2.281716265644162, 48.879777930464314] 0.000000000000000 
[2.287075142952979, 48.875900999328380] 0.000000000000000 [2.287128714856516, 48.876058036769770] 0.000000000000000 [2.287194878633314, 48.876276139789880] 0.000000000000000 
[2.279971653864526, 48.878598135761649] 0.000000000000000 [2.279959264575215, 48.878701222779533] 0.000000000000000 
[2.280487969917641, 48.878993731009992] 0.000000000000000 [2.280233612723899, 48.878894127164671] 0.000000000000000 [2.280045002443730, 48.878851957033845] 0.000000000000000 
[2.281799565470809, 48.881504041458498] 0.000000000000000 [2.280661233593543, 48.881764746778529] 0.000000000000000 
[2.285242240899123, 48.881675966886064] 0.000000000000000 [2.284521265443112, 48.881150273871633] 0.000000000000000 [2.284394038755097, 48.881123795099981] 0.000000000000000 
[2.283898831111506, 48.881251166108385] 0.000000000000000 [2.283630190612782, 48.881572361839027] 0.000000000000000 
[2.274962999602261, 48.876321619902676] 0.000000000000000 [2.274889136718299, 48.876110394424273] 0.000000000000000 [2.274556045959143, 48.875596024990564] 0.000000000000000 [2.273909733974004, 48.874633014691035] 0.000000000000000 [2.272831575429314, 48.873009187749730] 0.000000000000000 
[2.284495887114429, 48.879061954852098] 0.000000000000000 [2.284605623531306, 48.879041834122695] 0.000000000000000 
[2.287194878633314, 48.876276139789880] 0.000000000000000 [2.286986341240423, 48.876082893824304] 0.000000000000000 [2.286876590385903, 48.875962693261776] 0.000000000000000 
[2.286876590385903, 48.875962693261776] 0.000000000000000 [2.286961018318281, 48.875912460714652] 0.000000000000000 [2.286966881978313, 48.875911204186444] 0.000000000000000 
[2.282185181558676, 48.879633012105714] 0.000000000000000 [2.282149425402423, 48.879540909506417] 0.000000000000000 [2.282175133016981, 48.879472397288488] 0.000000000000000 [2.282197359062835, 48.879458522443443] 0.000000000000000 
[2.286812272456765, 48.880847702262372] 0.000000000000000 [2.286751254897059, 48.880850112313972] 0.000000000000000 [2.286223026984185, 48.880995203804439] 0.000000000000000 [2.286376128312068, 48.881108246834032] 0.000000000000000 [2.286365161453002, 48.881166128486932] 0.000000000000000 
[2.279760334662484, 48.877426912895224] 0.000000000000000 [2.279523275250012, 48.877195842244099] 0.000000000000000 
[2.279551964062669, 48.877476574371151] 0.000000000000000 [2.279422809442988, 48.877394252836979] 0.000000000000000 [2.279234138407390, 48.877386074278434] 0.000000000000000 
[2.277842458056997, 48.876660863884602] 0.000000000000000 [2.278633352084794, 48.877019890408548] 0.000000000000000 
[2.284770444341167, 48.879696608924114] 0.000000000000000 [2.284881157006196, 48.879671020401581] 0.000000000000000 
[2.286469344447872, 48.880429685361676] 0.000000000000000 [2.286318269382994, 48.880283837593431] 0.000000000000000 [2.285200582210281, 48.880187035949511] 0.000000000000000 [2.285122970416095, 48.880188880230889] 0.000000000000000 
[2.283630190612782, 48.881572361839027] 0.000000000000000 [2.283370582220198, 48.881898399029616] 0.000000000000000 
[2.282534400240165, 48.881341542925355] 0.000000000000000 [2.282343950423798, 48.881387953932744] 0.000000000000000 
[2.281799565470809, 48.881504041458498] 0.000000000000000 [2.281717871099219, 48.881400144580070] 0.000000000000000 [2.281313569995822, 48.880932227094071] 0.000000000000000 
[2.277685563507386, 48.875801641405765] 0.000000000000000 [2.277791945092115, 48.875870949893262] 0.000000000000000 
[2.285612490211310, 48.886398382564728] 0.000000000000000 [2.285501879640320, 48.886364628881672] 0.000000000000000 [2.285441441714713, 48.886273540742465] 0.000000000000000 [2.284642124652198, 48.885658659668614] 0.000000000000000 [2.284541139303363, 48.885564306074080] 0.000000000000000 
[2.282197359062835, 48.879458522443443] 0.000000000000000 [2.282006218281183, 48.879309655217263] 0.000000000000000 [2.281962162713006, 48.879274526287006] 0.000000000000000 
[2.275229267848924, 48.876725215065143] 0.000000000000000 [2.275229091470017, 48.876724270587061] 0.000000000000000 [2.275228644595395, 48.876721698460180] 0.000000000000000 [2.275228252380142, 48.876719117670802] 0.000000000000000 [2.275227914836867, 48.876716527319665] 0.000000000000000 [2.275227645336030, 48.876713946373847] 0.000000000000000 [2.275227430507154, 48.876711355866298] 0.000000000000000 [2.275227270212474, 48.876708765688910] 0.000000000000000 [2.275227164577121, 48.876706166849026] 0.000000000000000 [2.275227113350706, 48.876703577331980] 0.000000000000000 [2.275227130429682, 48.876700978335698] 0.000000000000000 [2.275227201917678, 48.876698388662277] 0.000000000000000 [2.275227314318878, 48.876695798337174] 0.000000000000000 [2.275227508521150, 48.876693208507369] 0.000000000000000 [2.275227743624095, 48.876690618925203] 0.000000000000000 [2.275228031910307, 48.876688028765592] 0.000000000000000 [2.275228389602436, 48.876685448019678] 0.000000000000000 [2.275228801828575, 48.876682867603925] 0.000000000000000 [2.275229269827054, 48.876680296519254] 0.000000000000000 [2.275229791008763, 48.876677724857210] 0.000000000000000 [2.275230366611935, 48.876675161618735] 0.000000000000000 [2.275230996736670, 48.876672599609698] 0.000000000000000 [2.275231694928821, 48.876670045207518] 0.000000000000000 [2.275232447517483, 48.876667501027391] 0.000000000000000 [2.275233242382428, 48.876664956203896] 0.000000000000000 [2.275234103801423, 48.876662429770192] 0.000000000000000 [2.275235021117731, 48.876659903674870] 0.000000000000000 [2.275235991366929, 48.876657394987518] 0.000000000000000 [2.275237017513526, 48.876654886638597] 0.000000000000000 [2.275238097943759, 48.876652396605152] 0.000000000000000 [2.275239246303889, 48.876649924070477] 0.000000000000000 [2.275240435689506, 48.876647442790734] 0.000000000000000 [2.275241679371454, 48.876644978927224] 0.000000000000000 [2.275242977324495, 48.876642534278453] 0.000000000000000 [2.275244329711507, 48.876640097153988] 0.000000000000000 [2.275245737732975, 48.876637679252482] 0.000000000000000 [2.275247198812410, 48.876635269766268] 0.000000000000000 [2.275248702030492, 48.876632869528599] 0.000000000000000 [2.275250273040562, 48.876630496681585] 0.000000000000000 [2.275251884838510, 48.876628132175568] 0.000000000000000 [2.275253564553670, 48.876625786067599] 0.000000000000000 [2.275255285044081, 48.876623449199869] 0.000000000000000 [2.275257046071979, 48.876621138658479] 0.000000000000000 [2.275258876505482, 48.876618837530636] 0.000000000000000 [2.275260746225811, 48.876616554627475] 0.000000000000000 [2.275262671605568, 48.876614289148776] 0.000000000000000 [2.275264637510383, 48.876612050895659] 0.000000000000000 [2.275266659187237, 48.876609821973581] 0.000000000000000 [2.275268733671724, 48.876607619452095] 0.000000000000000 [2.275270850157252, 48.876605436071038] 0.000000000000000 [2.275273019575438, 48.876603270097910] 0.000000000000000 [2.275275230894553, 48.876601130459356] 0.000000000000000 [2.275277497860555, 48.876599009144456] 0.000000000000000 [2.275279804113247, 48.876596906054253] 0.000000000000000 [2.275281851264761, 48.876595099977081] 0.000000000000000 
[2.283964195983338, 48.882275929354428] 0.000000000000000 [2.284055551337614, 48.882686257614090] 0.000000000000000 
[2.281735700277140, 48.879023977819742] 0.000000000000000 [2.281788736655678, 48.878976180431017] 0.000000000000000 
[2.277455258495383, 48.876069659564202] 0.000000000000000 [2.276949011085659, 48.875746474532029] 0.000000000000000 
[2.281716265644162, 48.879777930464314] 0.000000000000000 [2.282022984618098, 48.880570880103221] 0.000000000000000 [2.282534400240165, 48.881341542925355] 0.000000000000000 
[2.282614983436442, 48.882040651057622] 0.000000000000000 [2.282928870369216, 48.882400068354677] 0.000000000000000 
[2.276959603498342, 48.877001950541135] 0.000000000000000 [2.278495470093492, 48.877254855177114] 0.000000000000000 [2.278611006816819, 48.877275381951151] 0.000000000000000 
[2.276559549596660, 48.876863278750442] 0.000000000000000 [2.276959603498342, 48.877001950541135] 0.000000000000000 
[2.282971258605222, 48.882353704194223] 0.000000000000000 [2.282928870369216, 48.882400068354677] 0.000000000000000 
[2.279052232885959, 48.877247790652362] 0.000000000000000 [2.279234138407390, 48.877386074278434] 0.000000000000000 
[2.278633352084794, 48.877019890408548] 0.000000000000000 [2.279052232885959, 48.877247790652362] 0.000000000000000 
[2.279820196431485, 48.878403142538090] 0.000000000000000 [2.279696349719877, 48.878622710672516] 0.000000000000000 
[2.270600665851080, 48.876763069817528] 0.000000000000000 [2.270446628613479, 48.876999921892342] 0.000000000000000 [2.270321352671137, 48.877179354243886] 0.000000000000000 [2.270188615964784, 48.877318619490829] 0.000000000000000 
[2.263503639558449, 48.876207062651652] 0.000000000000000 [2.265776811054315, 48.876684358548125] 0.000000000000000 [2.267260881669334, 48.876852265839261] 0.000000000000000 [2.268578879109758, 48.877046673450138] 0.000000000000000 [2.269483556698522, 48.877255293406023] 0.000000000000000 
[2.286241203431372, 48.884040698681211] 0.000000000000000 [2.285913555286141, 48.884340848734723] 0.000000000000000 
[2.275689426461322, 48.876576586876133] 0.000000000000000 [2.276559549596660, 48.876863278750442] 0.000000000000000 
[2.280210209037531, 48.877120582496786] 0.000000000000000 [2.279959218212508, 48.876768813648575] 0.000000000000000 [2.279722616074839, 48.876462042967603] 0.000000000000000 [2.279012154221312, 48.875535521689258] 0.000000000000000 
[2.286337122731345, 48.885025816450785] 0.000000000000000 [2.286220483582382, 48.884929047940609] 0.000000000000000 [2.286037912165086, 48.884755604589643] 0.000000000000000 [2.285922855861739, 48.884658152709719] 0.000000000000000 [2.285782760595157, 48.884565645178604] 0.000000000000000 [2.285770761807739, 48.884458751492637] 0.000000000000000 
[2.280210209037531, 48.877120582496786] 0.000000000000000 [2.280113060744252, 48.877090920815910] 0.000000000000000 [2.279958050421881, 48.877085340753077] 0.000000000000000 
[2.286194473184679, 48.882253007679900] 0.000000000000000 [2.286148881366380, 48.882168311501843] 0.000000000000000 [2.285843010200799, 48.881921198576904] 0.000000000000000 
[2.284605623531306, 48.879041834122695] 0.000000000000000 [2.284285189230715, 48.878307986569247] 0.000000000000000 [2.284171432264408, 48.878135030586378] 0.000000000000000 
[2.285617257835800, 48.881797609320834] 0.000000000000000 [2.285745829518008, 48.881659376674428] 0.000000000000000 [2.285281640743442, 48.880841267788831] 0.000000000000000 [2.285297412529941, 48.880674792838313] 0.000000000000000 
[2.282971258605222, 48.882353704194223] 0.000000000000000 [2.282343950423798, 48.881387953932744] 0.000000000000000 
[2.281187708615574, 48.878391153300420] 0.000000000000000 [2.281080936701827, 48.878234942425529] 0.000000000000000 
[2.286117538830808, 48.886748327066840] 0.000000000000000 [2.286082012890341, 48.886777825615468] 0.000000000000000 
[2.285612490211310, 48.886398382564728] 0.000000000000000 [2.285471463002005, 48.886423877122603] 0.000000000000000 
[2.281998368163451, 48.881451205279490] 0.000000000000000 [2.280990751758114, 48.880035491655754] 0.000000000000000 [2.280882739471695, 48.879936518145875] 0.000000000000000 
[2.283517809909516, 48.878123756643078] 0.000000000000000 [2.283267985744376, 48.878306463181971] 0.000000000000000 [2.282909075550435, 48.878472660432045] 0.000000000000000 [2.282453845140935, 48.878581977016914] 0.000000000000000 [2.281982643158713, 48.878595960452465] 0.000000000000000 
[2.283686063430548, 48.876119250573822] 0.000000000000000 [2.283521882025913, 48.876771310682429] 0.000000000000000 
[2.280947261307059, 48.878046892358270] 0.000000000000000 [2.280838446262814, 48.878314337559310] 0.000000000000000 
[2.285297412529941, 48.880674792838313] 0.000000000000000 [2.285122970416095, 48.880188880230889] 0.000000000000000 
[2.280600231453533, 48.878011299786870] 0.000000000000000 [2.280838446262814, 48.878314337559310] 0.000000000000000 
[2.284394038755097, 48.881123795099981] 0.000000000000000 [2.283898831111506, 48.881251166108385] 0.000000000000000 
[2.279525795536606, 48.877834194604489] 0.000000000000000 [2.279471175699951, 48.877836226639303] 0.000000000000000 
[2.281130926971438, 48.879733978295931] 0.000000000000000 [2.281064495075583, 48.879701176173128] 0.000000000000000 [2.280922393550996, 48.879631026823837] 0.000000000000000 
[2.284829459109068, 48.877964388021695] 0.000000000000000 [2.284202777624152, 48.877505282082062] 0.000000000000000 [2.284082006928234, 48.877416584564280] 0.000000000000000 
[2.285586280556537, 48.883629357564317] 0.000000000000000 [2.284764309508284, 48.883124034255957] 0.000000000000000 
[2.280327737230604, 48.878481550493596] 0.000000000000000 [2.280386323672043, 48.878660633988666] 0.000000000000000 [2.280542251959971, 48.878823272559970] 0.000000000000000 
[2.256821824040498, 48.876685406262936] 0.000000000000000 [2.257094651243408, 48.876632594048644] 0.000000000000000 
[2.270519295849728, 48.877224935973452] 0.000000000000000 [2.270363096546051, 48.877303576751139] 0.000000000000000 [2.270188615964784, 48.877318619490829] 0.000000000000000 
[2.270821268535101, 48.876049721049270] 0.000000000000000 [2.271440050383230, 48.876136119412998] 0.000000000000000 [2.271681668736138, 48.876165231906249] 0.000000000000000 [2.272050172020823, 48.876226627653892] 0.000000000000000 [2.272311275385977, 48.876296010328083] 0.000000000000000 [2.272506468947781, 48.876368574877823] 0.000000000000000 [2.272669910428921, 48.876452389424692] 0.000000000000000 [2.272962600235203, 48.876631274979211] 0.000000000000000 [2.272998269727716, 48.876691555109964] 0.000000000000000 
[2.279234138407390, 48.877386074278434] 0.000000000000000 [2.279203322885248, 48.877213127925131] 0.000000000000000 [2.278810901386082, 48.876872085821681] 0.000000000000000 [2.278444994789605, 48.876504671522035] 0.000000000000000 
[2.278926359166642, 48.877870961386073] 0.000000000000000 [2.279272092023258, 48.877729769333641] 0.000000000000000 [2.279330193618567, 48.877688162156069] 0.000000000000000 
[2.280125467967875, 48.878164212535957] 0.000000000000000 [2.280000170652928, 48.878151929467343] 0.000000000000000 [2.279844267435757, 48.878101536953572] 0.000000000000000 
[2.280487969917641, 48.878993731009992] 0.000000000000000 [2.280243764346248, 48.878863430766124] 0.000000000000000 
[2.280922393550996, 48.879631026823837] 0.000000000000000 [2.281080409784840, 48.879965841173714] 0.000000000000000 [2.281862215687528, 48.881076475378272] 0.000000000000000 [2.282112448375918, 48.881431170451634] 0.000000000000000 
[2.280667996165487, 48.878370144610749] 0.000000000000000 [2.280454384113303, 48.878098367983320] 0.000000000000000 
[2.270583769350186, 48.878543717400980] 0.000000000000000 [2.270721014916524, 48.878807257451008] 0.000000000000000 
[2.281367836252595, 48.877398188806794] 0.000000000000000 [2.281144424685063, 48.877597360061735] 0.000000000000000 [2.281064875269495, 48.877775197395430] 0.000000000000000 [2.280947261307059, 48.878046892358270] 0.000000000000000 
[2.280667996165487, 48.878370144610749] 0.000000000000000 [2.280470213127798, 48.878434902854707] 0.000000000000000 
[2.279471175699951, 48.877836226639303] 0.000000000000000 [2.278926359166642, 48.877870961386073] 0.000000000000000 
[2.285617257835800, 48.881797609320834] 0.000000000000000 [2.285400410016877, 48.881699518619165] 0.000000000000000 [2.285242240899123, 48.881675966886064] 0.000000000000000 
[2.279052232885959, 48.877247790652362] 0.000000000000000 [2.279077341433089, 48.877240401783666] 0.000000000000000 
[2.270519295849728, 48.877224935973452] 0.000000000000000 [2.270509930017399, 48.877367259201222] 0.000000000000000 
[2.275592551466513, 48.876870040682036] 0.000000000000000 [2.275590928894838, 48.876870435567291] 0.000000000000000 [2.275587232567418, 48.876871314340320] 0.000000000000000 [2.275583509585646, 48.876872148884210] 0.000000000000000 [2.275579773345386, 48.876872956367464] 0.000000000000000 [2.275576022733426, 48.876873718796517] 0.000000000000000 [2.275572245229378, 48.876874454082454] 0.000000000000000 [2.275568454717127, 48.876875144322440] 0.000000000000000 [2.275564649583135, 48.876875807493541] 0.000000000000000 [2.275560831428347, 48.876876426517924] 0.000000000000000 [2.275557000152702, 48.876877008589808] 0.000000000000000 [2.275553154367814, 48.876877555499398] 0.000000000000000 [2.275549308970712, 48.876878074531589] 0.000000000000000 [2.275545435555853, 48.876878549326321] 0.000000000000000 [2.275541564129743, 48.876878979165873] 0.000000000000000 [2.275537678081943, 48.876879381936511] 0.000000000000000 [2.275533791183564, 48.876879747828873] 0.000000000000000 [2.275529877630843, 48.876880069492003] 0.000000000000000 [2.275525978212050, 48.876880355266891] 0.000000000000000 [2.275522065534976, 48.876880613981108] 0.000000000000000 [2.275518138486326, 48.876880827641131] 0.000000000000000 [2.275514225696619, 48.876880996420198] 0.000000000000000 [2.275510298285272, 48.876881138130365] 0.000000000000000 [2.275506357865860, 48.876881234794546] 0.000000000000000 [2.275502431442721, 48.876881305462440] 0.000000000000000 [2.275498505657557, 48.876881330267565] 0.000000000000000 [2.275494565500974, 48.876881310018504] 0.000000000000000 [2.275490637989816, 48.876881262865552] 0.000000000000000 [2.275486712342435, 48.876881179750058] 0.000000000000000 [2.275482785957277, 48.876881051662878] 0.000000000000000 [2.275478859947434, 48.876880896597534] 0.000000000000000 [2.275474933324727, 48.876880687567862] 0.000000000000000 [2.275471020711068, 48.876880451642549] 0.000000000000000 [2.275467107359565, 48.876880170745537] 0.000000000000000 [2.275463209380304, 48.876879862961204] 0.000000000000000 [2.275459310663217, 48.876879510205121] 0.000000000000000 [2.275455424716927, 48.876879121552477] 0.000000000000000 [2.275451540634387, 48.876878696937347] 0.000000000000000 [2.275447667959179, 48.876878236417461] 0.000000000000000 [2.275443810919067, 48.876877730125578] 0.000000000000000 [2.275439966512069, 48.876877197829145] 0.000000000000000 [2.275436136239186, 48.876876629644464] 0.000000000000000 [2.275432306604328, 48.876876015596999] 0.000000000000000 [2.275428503373937, 48.876875365735579] 0.000000000000000 [2.275424714139964, 48.876874689877823] 0.000000000000000 [2.275420937814273, 48.876873968231607] 0.000000000000000 [2.275417175622837, 48.876873210697148] 0.000000000000000 [2.275413427440351, 48.876872426267077] 0.000000000000000 [2.275409693517245, 48.876871596956093] 0.000000000000000 [2.275405985998340, 48.876870731831119] 0.000000000000000 [2.275402306122218, 48.876869839893118] 0.000000000000000 [2.275398625520813, 48.876868902084084] 0.000000000000000 [2.275394986183200, 48.876867938443837] 0.000000000000000 [2.275393937599100, 48.876867649703271] 0.000000000000000 
[2.286803996342564, 48.880347710028758] 0.000000000000000 [2.286841322765982, 48.880516169785167] 0.000000000000000 [2.286859765299557, 48.880575296909399] 0.000000000000000 [2.286812272456765, 48.880847702262372] 0.000000000000000 
[2.281716265644162, 48.879777930464314] 0.000000000000000 [2.281539797759459, 48.879809770283373] 0.000000000000000 
[2.278444994789605, 48.876504671522035] 0.000000000000000 [2.278149876627525, 48.876311607583155] 0.000000000000000 [2.277712167129435, 48.876026581877753] 0.000000000000000 [2.277667890738728, 48.875999131182610] 0.000000000000000 
[2.282290606344253, 48.883833544503254] 0.000000000000000 [2.282026073678943, 48.883623176700908] 0.000000000000000 [2.281914639743256, 48.883565173925746] 0.000000000000000 
[2.285245488635590, 48.876890616241958] 0.000000000000000 [2.283761948488491, 48.877200979435976] 0.000000000000000 
[2.282360915198708, 48.879399284120538] 0.000000000000000 [2.281788736655678, 48.878976180431017] 0.000000000000000 
[2.280327737230604, 48.878481550493596] 0.000000000000000 [2.279971653864526, 48.878598135761649] 0.000000000000000 
[2.285245488635590, 48.876890616241958] 0.000000000000000 [2.284082006928234, 48.877416584564280] 0.000000000000000 
[2.280654197111807, 48.878695541075459] 0.000000000000000 [2.280711982017290, 48.878657214852339] 0.000000000000000 [2.280837164906603, 48.878615873310387] 0.000000000000000 
[2.284708854570148, 48.880827061158683] 0.000000000000000 [2.284394038755097, 48.881123795099981] 0.000000000000000 
[2.286696071351590, 48.882578136898722] 0.000000000000000 [2.287031205753747, 48.882316683286675] 0.000000000000000 
[2.259083847897879, 48.880353396960913] 0.000000000000000 [2.261554677409951, 48.880042200429379] 0.000000000000000 
[2.264619927692655, 48.879658250843804] 0.000000000000000 [2.267605688737217, 48.879289657685561] 0.000000000000000 
[2.279021886533157, 48.877256704730677] 0.000000000000000 [2.279052232885959, 48.877247790652362] 0.000000000000000 
[2.279734441546322, 48.877120426998673] 0.000000000000000 [2.280068423465758, 48.877377048581550] 0.000000000000000 [2.280354425133763, 48.877698366220770] 0.000000000000000 
[2.277423156024184, 48.876282231377139] 0.000000000000000 [2.277488699342780, 48.876322193562544] 0.000000000000000 
[2.285242240899123, 48.881675966886064] 0.000000000000000 [2.285155152840524, 48.881898525734307] 0.000000000000000 [2.284816541784434, 48.882985353859674] 0.000000000000000 [2.284764309508284, 48.883124034255957] 0.000000000000000 
[2.281998368163451, 48.881451205279490] 0.000000000000000 [2.281799565470809, 48.881504041458498] 0.000000000000000 
[2.282112448375918, 48.881431170451634] 0.000000000000000 [2.281998368163451, 48.881451205279490] 0.000000000000000 
[2.279077341433089, 48.877240401783666] 0.000000000000000 [2.278966930029948, 48.877137828812153] 0.000000000000000 [2.278085771470892, 48.876460494760167] 0.000000000000000 [2.277595337702235, 48.876143517222047] 0.000000000000000 
[2.270821268535101, 48.876049721049270] 0.000000000000000 [2.270600665851080, 48.876763069817528] 0.000000000000000 
[2.286876590385903, 48.875962693261776] 0.000000000000000 [2.285097974858264, 48.875423866600848] 0.000000000000000 
[2.286359115421493, 48.884612626817734] 0.000000000000000 [2.286640895357382, 48.884808145040047] 0.000000000000000 [2.288652777519693, 48.886051888752952] 0.000000000000000 
[2.286484922581772, 48.886302637284459] 0.000000000000000 [2.286609110562700, 48.886745126176322] 0.000000000000000 [2.286589797336488, 48.886802267141846] 0.000000000000000 [2.286471887796528, 48.886917708901734] 0.000000000000000 
[2.281539797759459, 48.879809770283373] 0.000000000000000 [2.281422378807237, 48.879722483464413] 0.000000000000000 [2.281293712749722, 48.879670442461965] 0.000000000000000 [2.281207772036666, 48.879599447962043] 0.000000000000000 [2.280911007688353, 48.879051465299348] 0.000000000000000 [2.280654197111807, 48.878695541075459] 0.000000000000000 
[2.277685563507386, 48.875801641405765] 0.000000000000000 [2.277552937974029, 48.875903118840732] 0.000000000000000 [2.277540239691339, 48.875919569428248] 0.000000000000000 
[2.282112448375918, 48.881431170451634] 0.000000000000000 [2.282562117211377, 48.881980113739473] 0.000000000000000 [2.282614983436442, 48.882040651057622] 0.000000000000000 
[2.286696071351590, 48.882578136898722] 0.000000000000000 [2.286335616860428, 48.882300452745632] 0.000000000000000 [2.286194473184679, 48.882253007679900] 0.000000000000000 
[2.286194473184679, 48.882253007679900] 0.000000000000000 [2.286009359954515, 48.882332781220391] 0.000000000000000 [2.285970846463316, 48.882406145154050] 0.000000000000000 [2.285586280556537, 48.883629357564317] 0.000000000000000 
[2.279958050421881, 48.877085340753077] 0.000000000000000 [2.280182089909756, 48.877424145315736] 0.000000000000000 [2.280354425133763, 48.877698366220770] 0.000000000000000 
[2.286459921692818, 48.879330118404063] 0.000000000000000 [2.285156795738339, 48.878621537560853] 0.000000000000000 [2.284463736895415, 48.878133006242642] 0.000000000000000 [2.284171432264408, 48.878135030586378] 0.000000000000000 
[2.280481555639880, 48.879336117920936] 0.000000000000000 [2.280641210296571, 48.879303381811198] 0.000000000000000 
[2.281313569995822, 48.880932227094071] 0.000000000000000 [2.280518524211994, 48.881119976697505] 0.000000000000000 
[2.257094651243408, 48.876632594048644] 0.000000000000000 [2.257483334112564, 48.876557144809297] 0.000000000000000 [2.257785135611192, 48.876510411337499] 0.000000000000000 [2.258071495760470, 48.876477524841533] 0.000000000000000 [2.258422602687111, 48.876452756949682] 0.000000000000000 [2.258861463596935, 48.876448560661821] 0.000000000000000 [2.259277258904379, 48.876468987088131] 0.000000000000000 [2.259700634145986, 48.876534201319821] 0.000000000000000 [2.260290911250916, 48.876653751406351] 0.000000000000000 [2.260603538659160, 48.876747575060989] 0.000000000000000 
[2.277667890738728, 48.875999131182610] 0.000000000000000 [2.277540239691339, 48.875919569428248] 0.000000000000000 
[2.258557175749405, 48.880156375026708] 0.000000000000000 [2.258722716291092, 48.879955869419405] 0.000000000000000 
[2.287009541367675, 48.880944478667701] 0.000000000000000 [2.286845779355566, 48.881085404375625] 0.000000000000000 [2.286778203885493, 48.881153639269122] 0.000000000000000 [2.286712306416879, 48.881193429977060] 0.000000000000000 
[2.280704780600502, 48.877780390903020] 0.000000000000000 [2.280716326746794, 48.877830243297694] 0.000000000000000 [2.280702612715945, 48.877900829308516] 0.000000000000000 [2.280641990254420, 48.877977427035205] 0.000000000000000 [2.280600231453533, 48.878011299786870] 0.000000000000000 
[2.280542251959971, 48.878823272559970] 0.000000000000000 [2.280786926699126, 48.879081862265707] 0.000000000000000 [2.280936349947130, 48.879333436444199] 0.000000000000000 [2.281104999993038, 48.879691736223343] 0.000000000000000 [2.281130926971438, 48.879733978295931] 0.000000000000000 
[2.258988222529457, 48.879139389934430] 0.000000000000000 [2.258469532465179, 48.878817517846713] 0.000000000000000 [2.258187428084594, 48.878582711769610] 0.000000000000000 [2.258067376998461, 48.878420471922176] 0.000000000000000 [2.257962986017822, 48.878278943735531] 0.000000000000000 [2.257858782282286, 48.878020113469631] 0.000000000000000 [2.257759790678186, 48.877768185446726] 0.000000000000000 [2.257681632236376, 48.877585272588036] 0.000000000000000 [2.257613874108612, 48.877429973738913] 0.000000000000000 [2.257478256207467, 48.877191814679584] 0.000000000000000 [2.257353069413059, 48.876970919176706] 0.000000000000000 [2.257227816772492, 48.876791427096286] 0.000000000000000 [2.257094651243408, 48.876632594048644] 0.000000000000000 
[2.280045002443730, 48.878851957033845] 0.000000000000000 [2.279995686174152, 48.878840934008878] 0.000000000000000 
[2.283782455812077, 48.877351941417331] 0.000000000000000 [2.283422615642356, 48.877149797007426] 0.000000000000000 
[2.280654197111807, 48.878695541075459] 0.000000000000000 [2.280327737230604, 48.878481550493596] 0.000000000000000 
[2.277912730911837, 48.875796740800702] 0.000000000000000 [2.277830379171849, 48.875732408656056] 0.000000000000000 
[2.277488699342780, 48.876322193562544] 0.000000000000000 [2.277525984656741, 48.876439343009253] 0.000000000000000 [2.277628085217013, 48.876566023584864] 0.000000000000000 [2.277842458056997, 48.876660863884602] 0.000000000000000 
[2.282343950423798, 48.881387953932744] 0.000000000000000 [2.281842277722202, 48.880612700079553] 0.000000000000000 [2.281800680026869, 48.880499829962602] 0.000000000000000 
[2.281914639743256, 48.883565173925746] 0.000000000000000 [2.281863170901361, 48.883621192438703] 0.000000000000000 
[2.277912730911837, 48.875796740800702] 0.000000000000000 [2.278058528899439, 48.875737373198739] 0.000000000000000 
[2.286812272456765, 48.880847702262372] 0.000000000000000 [2.287009541367675, 48.880944478667701] 0.000000000000000 
