[2.349467316633575, 48.820644451090494] 0.000000000000000 [2.350060835979093, 48.819673947877526] 0.000000000000000 
[2.377167513669786, 48.822659743839736] 0.000000000000000 [2.376547726165357, 48.822500882406409] 0.000000000000000 
[2.350367195260683, 48.822080448932851] 0.000000000000000 [2.350395811074540, 48.821986903471043] 0.000000000000000 [2.350406443399928, 48.821467481483367] 0.000000000000000 
[2.369398443257948, 48.821507034400611] 0.000000000000000 [2.369376850054450, 48.821683936955580] 0.000000000000000 
[2.377167513669786, 48.822659743839736] 0.000000000000000 [2.377060190978997, 48.822823279579545] 0.000000000000000 [2.376728290866191, 48.823277422207070] 0.000000000000000 
[2.359682801364581, 48.819835363076372] 0.000000000000000 [2.359291428768303, 48.819772061118030] 0.000000000000000 
[2.373457392166579, 48.819426228619783] 0.000000000000000 [2.371360706104050, 48.818759717407033] 0.000000000000000 [2.370266902187967, 48.818510291845726] 0.000000000000000 [2.369472146352060, 48.818290417733927] 0.000000000000000 
[2.355413991337132, 48.823016146450236] 0.000000000000000 [2.355082134787583, 48.823124653269993] 0.000000000000000 
[2.366678150021313, 48.817549587568287] 0.000000000000000 [2.366501882698682, 48.817777006673715] 0.000000000000000 
[2.366596916277640, 48.817314026605665] 0.000000000000000 [2.366508545336120, 48.817483958825740] 0.000000000000000 
[2.364845790310137, 48.819819987337134] 0.000000000000000 [2.363780783923304, 48.819468190140640] 0.000000000000000 
[2.366798761563076, 48.817393954359503] 0.000000000000000 [2.366678150021313, 48.817549587568287] 0.000000000000000 
[2.357244056720189, 48.816438753699209] 0.000000000000000 [2.357009434165064, 48.816343806157612] 0.000000000000000 
[2.352689095941979, 48.822151473156765] 0.000000000000000 [2.352537914147298, 48.822152717852113] 0.000000000000000 [2.350283683572892, 48.822176763006723] 0.000000000000000 [2.350211744905195, 48.822160935174054] 0.000000000000000 [2.350078167948319, 48.822145951390468] 0.000000000000000 
[2.359791586645464, 48.816122607891579] 0.000000000000000 [2.360016628796938, 48.816104665702156] 0.000000000000000 
[2.360046572575435, 48.816222158577062] 0.000000000000000 [2.360016628796938, 48.816104665702156] 0.000000000000000 
[2.360706873564616, 48.816060187372415] 0.000000000000000 [2.360720516103518, 48.816027360886402] 0.000000000000000 
[2.357978762093915, 48.819092636182511] 0.000000000000000 [2.357696112544784, 48.819204082233654] 0.000000000000000 [2.357491866031238, 48.819293489593129] 0.000000000000000 [2.357369335188150, 48.819369392703230] 0.000000000000000 [2.357185525756921, 48.819487464701332] 0.000000000000000 [2.356775796955106, 48.819789370648216] 0.000000000000000 [2.355964015806899, 48.820423536708198] 0.000000000000000 [2.355775089881367, 48.820533181397273] 0.000000000000000 [2.355608754704042, 48.820606662046742] 0.000000000000000 
[2.351722356657397, 48.820047206841231] 0.000000000000000 [2.352535857344791, 48.819444222195834] 0.000000000000000 [2.352866360608984, 48.819167198713338] 0.000000000000000 
[2.358689669395268, 48.817020050740709] 0.000000000000000 [2.358628834129258, 48.816941385519996] 0.000000000000000 
[2.365015559470121, 48.816681137023942] 0.000000000000000 [2.365314715958138, 48.816821294976457] 0.000000000000000 [2.365819478239413, 48.817047522745781] 0.000000000000000 [2.366298819648226, 48.817225553338986] 0.000000000000000 [2.366596916277640, 48.817314026605665] 0.000000000000000 
[2.359058292358145, 48.818066328481137] 0.000000000000000 [2.358222853495469, 48.818715856690289] 0.000000000000000 [2.358121298835511, 48.818798078910248] 0.000000000000000 [2.358014690248593, 48.818875166320403] 0.000000000000000 [2.357992077938898, 48.818991861004022] 0.000000000000000 [2.357978762093915, 48.819092636182511] 0.000000000000000 
[2.349330301513235, 48.822184895346076] 0.000000000000000 [2.347315413181370, 48.822180006189548] 0.000000000000000 
[2.356282291555404, 48.820571124545808] 0.000000000000000 [2.356041366515087, 48.820741956005918] 0.000000000000000 [2.355980098872401, 48.820779646417442] 0.000000000000000 [2.355839153823025, 48.820831054839047] 0.000000000000000 
[2.360257918455302, 48.816732407641922] 0.000000000000000 [2.360315250817238, 48.816564915685902] 0.000000000000000 [2.360321412027887, 48.816492971955341] 0.000000000000000 
[2.355026041657577, 48.820954318057872] 0.000000000000000 [2.354705887951260, 48.821037364495702] 0.000000000000000 [2.354476635058854, 48.821079126449632] 0.000000000000000 [2.354360882125714, 48.821053093139405] 0.000000000000000 
[2.359086304926709, 48.820430729836147] 0.000000000000000 [2.359291428768303, 48.819772061118030] 0.000000000000000 
[2.369110533220569, 48.821614409706889] 0.000000000000000 [2.368934251360450, 48.821697381570409] 0.000000000000000 [2.367077643769363, 48.822639695036948] 0.000000000000000 
[2.354081377383949, 48.822246562622205] 0.000000000000000 [2.353978815308982, 48.822251479500167] 0.000000000000000 [2.353903033624777, 48.822231986153518] 0.000000000000000 
[2.357009434165064, 48.816343806157612] 0.000000000000000 [2.358106052724778, 48.816242345402053] 0.000000000000000 [2.359791586645464, 48.816122607891579] 0.000000000000000 
[2.372302026296246, 48.821199218962597] 0.000000000000000 [2.372206841946848, 48.821308555782402] 0.000000000000000 [2.372093700327630, 48.821503068217268] 0.000000000000000 [2.372084323113193, 48.821569437110441] 0.000000000000000 
[2.364663074139921, 48.820134859829103] 0.000000000000000 [2.362844278881667, 48.819537196437921] 0.000000000000000 
[2.363780783923304, 48.819468190140640] 0.000000000000000 [2.363041673756754, 48.819224761080847] 0.000000000000000 
[2.366501882698682, 48.817777006673715] 0.000000000000000 [2.365667130727186, 48.818854040533047] 0.000000000000000 [2.365619093116687, 48.818912407287101] 0.000000000000000 
[2.352571218556564, 48.821042226786233] 0.000000000000000 [2.352566922934172, 48.820806167582909] 0.000000000000000 [2.352849319827758, 48.820224836769832] 0.000000000000000 
[2.361956955358770, 48.819324090261809] 0.000000000000000 [2.361739710008842, 48.819303157958821] 0.000000000000000 [2.361043597258277, 48.819217340240783] 0.000000000000000 [2.360521910118478, 48.819198844586900] 0.000000000000000 [2.359901454333408, 48.819153740422827] 0.000000000000000 [2.359489508234673, 48.819147259706462] 0.000000000000000 
[2.356455830767680, 48.821824375919860] 0.000000000000000 [2.355313989725521, 48.821802871134615] 0.000000000000000 
[2.366004288927308, 48.819307601705809] 0.000000000000000 [2.365963047723940, 48.819087946903814] 0.000000000000000 [2.365883066114566, 48.819011888499539] 0.000000000000000 [2.365750256290259, 48.818951950924919] 0.000000000000000 [2.365619093116687, 48.818912407287101] 0.000000000000000 
[2.356142207745413, 48.816233834109354] 0.000000000000000 [2.355742305029711, 48.816396437077344] 0.000000000000000 [2.355411615129094, 48.816589755235356] 0.000000000000000 [2.355168341186954, 48.816773156959869] 0.000000000000000 [2.354865449806038, 48.817034176123045] 0.000000000000000 [2.354621223721459, 48.817234213722003] 0.000000000000000 [2.354393192571843, 48.817406999713278] 0.000000000000000 
[2.373615003394030, 48.823014379626578] 0.000000000000000 [2.373428455634652, 48.822874063742098] 0.000000000000000 [2.373046175921955, 48.822693243360689] 0.000000000000000 
[2.365619093116687, 48.818912407287101] 0.000000000000000 [2.365112573911761, 48.819560263863522] 0.000000000000000 
[2.368938595568467, 48.817894468420945] 0.000000000000000 [2.370307213858651, 48.818352079221590] 0.000000000000000 
[2.376954985475360, 48.820872242960597] 0.000000000000000 [2.373128233782051, 48.819600974195311] 0.000000000000000 
[2.366333152838141, 48.817416100175834] 0.000000000000000 [2.365852260400525, 48.817315956069429] 0.000000000000000 [2.365594303914838, 48.817244080656401] 0.000000000000000 [2.365384953481118, 48.817155375317583] 0.000000000000000 [2.364575369798396, 48.816858906931820] 0.000000000000000 [2.364466393987141, 48.816790858799443] 0.000000000000000 [2.364392274168663, 48.816715248582398] 0.000000000000000 [2.364373573963893, 48.816635487296992] 0.000000000000000 [2.364374358008373, 48.816575523357713] 0.000000000000000 
[2.372521514243095, 48.819936416144046] 0.000000000000000 [2.372613553274349, 48.820098976135121] 0.000000000000000 [2.372635077679884, 48.820298787987895] 0.000000000000000 [2.372575996500526, 48.820462896966561] 0.000000000000000 
[2.363788387468174, 48.821246808848002] 0.000000000000000 [2.363723783796188, 48.821328927323584] 0.000000000000000 [2.363328742713885, 48.821831113260465] 0.000000000000000 
[2.359592880735167, 48.817643536256071] 0.000000000000000 [2.359320081634146, 48.817858571312996] 0.000000000000000 
[2.363788387468174, 48.821246808848002] 0.000000000000000 [2.363692336684291, 48.821071652829701] 0.000000000000000 [2.363131570018788, 48.820944942640693] 0.000000000000000 [2.363186792313144, 48.820842115759739] 0.000000000000000 [2.361889570116117, 48.820544150353200] 0.000000000000000 
[2.357408007493859, 48.816070678309522] 0.000000000000000 [2.358253667833456, 48.816031311478866] 0.000000000000000 [2.358852757114502, 48.816040952502512] 0.000000000000000 
[2.375823339553376, 48.822328832843702] 0.000000000000000 [2.375436419108862, 48.822847307803286] 0.000000000000000 
[2.369369113722035, 48.818413396165191] 0.000000000000000 [2.366678150021313, 48.817549587568287] 0.000000000000000 
[2.359489508234673, 48.819147259706462] 0.000000000000000 [2.359520084824754, 48.819006157768968] 0.000000000000000 [2.359540452176401, 48.818876028431959] 0.000000000000000 
[2.355314838273508, 48.819668165514358] 0.000000000000000 [2.355195683484463, 48.819676908062014] 0.000000000000000 [2.354081796356612, 48.820292548853452] 0.000000000000000 
[2.364789164742684, 48.819890675467441] 0.000000000000000 [2.364747510627067, 48.819872646466123] 0.000000000000000 [2.363660686843568, 48.819520269127118] 0.000000000000000 
[2.351722356657397, 48.820047206841231] 0.000000000000000 [2.350386078455495, 48.819825616917576] 0.000000000000000 [2.350060835979093, 48.819673947877526] 0.000000000000000 
[2.368717134412549, 48.822923504161835] 0.000000000000000 [2.367077643769363, 48.822639695036948] 0.000000000000000 
[2.359320081634146, 48.817858571312996] 0.000000000000000 [2.359166731624668, 48.817763666104035] 0.000000000000000 [2.359095012781598, 48.817652449082807] 0.000000000000000 [2.358535910142794, 48.817543692574112] 0.000000000000000 [2.358443284505404, 48.817575859371210] 0.000000000000000 
[2.354360882125714, 48.821053093139405] 0.000000000000000 [2.352571218556564, 48.821042226786233] 0.000000000000000 
[2.350697819486443, 48.820993302893562] 0.000000000000000 [2.351722356657397, 48.820047206841231] 0.000000000000000 
[2.352571218556564, 48.821042226786233] 0.000000000000000 [2.350944338323956, 48.821032408904109] 0.000000000000000 [2.350697819486443, 48.820993302893562] 0.000000000000000 
[2.355285894608248, 48.821505962361968] 0.000000000000000 [2.355244810985334, 48.821071764251371] 0.000000000000000 
[2.364532802034310, 48.816416403226249] 0.000000000000000 [2.365015559470121, 48.816681137023942] 0.000000000000000 
[2.353385445894051, 48.817913507764075] 0.000000000000000 [2.353395312432022, 48.817810314740314] 0.000000000000000 
[2.354907156615123, 48.820850965798527] 0.000000000000000 [2.354303145061802, 48.820442063805359] 0.000000000000000 [2.354081796356612, 48.820292548853452] 0.000000000000000 
[2.354662552515203, 48.816886871231659] 0.000000000000000 [2.354457880913456, 48.817073629464161] 0.000000000000000 [2.354315088660931, 48.817190323221979] 0.000000000000000 [2.354049244202910, 48.817333798545739] 0.000000000000000 
[2.375495252128125, 48.819991400370462] 0.000000000000000 [2.374411817017751, 48.819632398034997] 0.000000000000000 [2.374277260128335, 48.819600661809325] 0.000000000000000 [2.374128721950412, 48.819555954256579] 0.000000000000000 [2.374086269275398, 48.819531706032564] 0.000000000000000 [2.374076455803101, 48.819501232268834] 0.000000000000000 
[2.359399341351934, 48.823048148190516] 0.000000000000000 [2.359625710051516, 48.822734013665148] 0.000000000000000 
[2.360078767779834, 48.816348742750819] 0.000000000000000 [2.360046572575435, 48.816222158577062] 0.000000000000000 
[2.360580629935259, 48.816321264198756] 0.000000000000000 [2.360657952192780, 48.816183281553023] 0.000000000000000 
[2.372955955300276, 48.822510477454578] 0.000000000000000 [2.372874319098489, 48.822448516691537] 0.000000000000000 [2.372465716642525, 48.821517267932414] 0.000000000000000 
[2.377876823853092, 48.820747012375904] 0.000000000000000 [2.377958426796999, 48.820848222962738] 0.000000000000000 [2.378717664371639, 48.821104038991919] 0.000000000000000 
[2.366596916277640, 48.817314026605665] 0.000000000000000 [2.366798761563076, 48.817393954359503] 0.000000000000000 
[2.360386834987969, 48.818069295597212] 0.000000000000000 [2.360997590224434, 48.819064661982694] 0.000000000000000 
[2.362420011552344, 48.822985181736129] 0.000000000000000 [2.361909623992559, 48.823637900201895] 0.000000000000000 [2.361869732603035, 48.823688798918923] 0.000000000000000 
[2.373128233782051, 48.819600974195311] 0.000000000000000 [2.369369113722035, 48.818413396165191] 0.000000000000000 
[2.350060835979093, 48.819673947877526] 0.000000000000000 [2.348885324288429, 48.819117251699709] 0.000000000000000 [2.348769569772603, 48.819106742507316] 0.000000000000000 
[2.366960616741297, 48.817185099930320] 0.000000000000000 [2.366798761563076, 48.817393954359503] 0.000000000000000 
[2.353395312432022, 48.817810314740314] 0.000000000000000 [2.354080049085445, 48.817580518975952] 0.000000000000000 [2.354393192571843, 48.817406999713278] 0.000000000000000 
[2.362045289110227, 48.819204754233162] 0.000000000000000 [2.361771516457212, 48.819155778091101] 0.000000000000000 [2.360997590224434, 48.819064661982694] 0.000000000000000 
[2.353305224488133, 48.819283230569667] 0.000000000000000 [2.353346025446422, 48.819122165208995] 0.000000000000000 [2.353364636941918, 48.818569828009167] 0.000000000000000 
[2.357175665332097, 48.822140936490051] 0.000000000000000 [2.357061905819427, 48.822134203726279] 0.000000000000000 
[2.364374358008373, 48.816575523357713] 0.000000000000000 [2.364231059895681, 48.816518616645070] 0.000000000000000 
[2.377898875634089, 48.822856601957334] 0.000000000000000 [2.377167513669786, 48.822659743839736] 0.000000000000000 
[2.375700939161940, 48.820812627265376] 0.000000000000000 [2.375576231550326, 48.821017867059119] 0.000000000000000 
[2.358443284505404, 48.817575859371210] 0.000000000000000 [2.358283986363352, 48.817956956710454] 0.000000000000000 
[2.348613277167652, 48.816775877760627] 0.000000000000000 [2.348709147428397, 48.816736191275744] 0.000000000000000 
[2.355413991337132, 48.823016146450236] 0.000000000000000 [2.355409749555705, 48.822962190589088] 0.000000000000000 [2.355407150564997, 48.822934223013007] 0.000000000000000 
[2.354081796356612, 48.820292548853452] 0.000000000000000 [2.353960056518977, 48.820315229194421] 0.000000000000000 [2.353642607596671, 48.820294414416182] 0.000000000000000 [2.352849319827758, 48.820224836769832] 0.000000000000000 
[2.358154271563428, 48.821115708401599] 0.000000000000000 [2.357739482521770, 48.821091541782266] 0.000000000000000 [2.357660846259808, 48.821445744569665] 0.000000000000000 
[2.364663074139921, 48.820134859829103] 0.000000000000000 [2.363848839268645, 48.821169960188342] 0.000000000000000 [2.363788387468174, 48.821246808848002] 0.000000000000000 
[2.357061905819427, 48.822134203726279] 0.000000000000000 [2.357125811254456, 48.821644258231636] 0.000000000000000 
[2.356338671504077, 48.815977237464914] 0.000000000000000 [2.356278564935056, 48.816010152386504] 0.000000000000000 [2.355945772699873, 48.816178769076032] 0.000000000000000 
[2.357244056720189, 48.816438753699209] 0.000000000000000 [2.356859228655472, 48.816493193467252] 0.000000000000000 [2.355960901421243, 48.816713699313368] 0.000000000000000 
[2.356338671504077, 48.815977237464914] 0.000000000000000 [2.356523122237605, 48.816098921247331] 0.000000000000000 [2.356642346721354, 48.816149305026720] 0.000000000000000 
[2.375436419108862, 48.822847307803286] 0.000000000000000 [2.375037641628824, 48.823364256060600] 0.000000000000000 
[2.370751332525455, 48.821410152767797] 0.000000000000000 [2.370430516136192, 48.821851594672225] 0.000000000000000 
[2.372302026296246, 48.821199218962597] 0.000000000000000 [2.372059062020734, 48.820738983519945] 0.000000000000000 
[2.372887254686031, 48.823087626612050] 0.000000000000000 [2.373410934658985, 48.823311737003799] 0.000000000000000 
[2.360386834987969, 48.818069295597212] 0.000000000000000 [2.359963866200572, 48.818063007527044] 0.000000000000000 [2.359814029439523, 48.818089468330051] 0.000000000000000 
[2.361048613094952, 48.820804386540090] 0.000000000000000 [2.361485037522622, 48.820156814540873] 0.000000000000000 [2.361541919786214, 48.820072449772105] 0.000000000000000 [2.361616753197783, 48.819937092441279] 0.000000000000000 
[2.352849319827758, 48.820224836769832] 0.000000000000000 [2.353305224488133, 48.819283230569667] 0.000000000000000 
[2.373615003394030, 48.823014379626578] 0.000000000000000 [2.373400488910146, 48.822994296923184] 0.000000000000000 [2.373009669018800, 48.822869603152490] 0.000000000000000 
[2.369524641317070, 48.821332484847396] 0.000000000000000 [2.369209826236083, 48.821486675061614] 0.000000000000000 
[2.366419062331663, 48.822967349983685] 0.000000000000000 [2.365733156416013, 48.823300384793612] 0.000000000000000 
[2.355608754704042, 48.820606662046742] 0.000000000000000 [2.354992795715499, 48.820831519108054] 0.000000000000000 [2.354907156615123, 48.820850965798527] 0.000000000000000 
[2.363548073754132, 48.818384774015328] 0.000000000000000 [2.362766507658979, 48.818039545326073] 0.000000000000000 
[2.375576231550326, 48.821017867059119] 0.000000000000000 [2.374933574325730, 48.822090019843969] 0.000000000000000 
[2.371832402419982, 48.820280424928079] 0.000000000000000 [2.371659534560085, 48.820341457770553] 0.000000000000000 [2.370967101655203, 48.820686172546999] 0.000000000000000 [2.370379115299142, 48.820971787397923] 0.000000000000000 
[2.359291428768303, 48.819772061118030] 0.000000000000000 [2.359481087117008, 48.819286640170276] 0.000000000000000 [2.359489508234673, 48.819147259706462] 0.000000000000000 
[2.360657952192780, 48.816183281553023] 0.000000000000000 [2.360108937021461, 48.816217820962429] 0.000000000000000 
[2.360016628796938, 48.816104665702156] 0.000000000000000 [2.359973314010396, 48.816018821574872] 0.000000000000000 
[2.367217279186329, 48.820935273069807] 0.000000000000000 [2.366470634293235, 48.822386531137944] 0.000000000000000 [2.365462728991257, 48.822193986999004] 0.000000000000000 
[2.369472146352060, 48.818290417733927] 0.000000000000000 [2.373248162659256, 48.819536727065035] 0.000000000000000 
[2.364513751235242, 48.821420201487861] 0.000000000000000 [2.364353640132810, 48.821745202408621] 0.000000000000000 [2.364831755413517, 48.821850928627555] 0.000000000000000 [2.365021621455201, 48.821453762516953] 0.000000000000000 
[2.373612364053130, 48.820721267929130] 0.000000000000000 [2.373489749230488, 48.820747134727831] 0.000000000000000 [2.372624027289697, 48.820519005771466] 0.000000000000000 [2.372575996500526, 48.820462896966561] 0.000000000000000 
[2.360883073917872, 48.816303070544414] 0.000000000000000 [2.360955451874156, 48.816253091072618] 0.000000000000000 [2.361054171097501, 48.816158205834768] 0.000000000000000 
[2.359183480108485, 48.817455058325628] 0.000000000000000 [2.358905313919131, 48.816894497686981] 0.000000000000000 
[2.355839153823025, 48.820831054839047] 0.000000000000000 [2.355724760845018, 48.820727909262025] 0.000000000000000 
[2.354360882125714, 48.821053093139405] 0.000000000000000 [2.354319603779222, 48.821129106162218] 0.000000000000000 [2.354109940271591, 48.821187439028968] 0.000000000000000 [2.352562002192409, 48.821181614914735] 0.000000000000000 
[2.359540452176401, 48.818876028431959] 0.000000000000000 [2.359482821584335, 48.818815707643658] 0.000000000000000 [2.359814029439523, 48.818089468330051] 0.000000000000000 
[2.375576231550326, 48.821017867059119] 0.000000000000000 [2.375420240417033, 48.820977515734725] 0.000000000000000 
[2.358283986363352, 48.817956956710454] 0.000000000000000 [2.357277002677713, 48.817757974123687] 0.000000000000000 [2.357187402546880, 48.817732100207159] 0.000000000000000 [2.357164980690365, 48.817680341645818] 0.000000000000000 [2.357071471831306, 48.817082098635417] 0.000000000000000 
[2.359998421999236, 48.817548498860354] 0.000000000000000 [2.360012102718856, 48.817450600618777] 0.000000000000000 [2.360257918455302, 48.816732407641922] 0.000000000000000 
[2.358289099497799, 48.823005838994348] 0.000000000000000 [2.357029600165276, 48.822975579037895] 0.000000000000000 
[2.360145632923079, 48.816094387266858] 0.000000000000000 [2.360170109198628, 48.816021073732443] 0.000000000000000 
[2.366960616741297, 48.817185099930320] 0.000000000000000 [2.366734642293016, 48.817174782685015] 0.000000000000000 
[2.361054171097501, 48.816158205834768] 0.000000000000000 [2.361155121875040, 48.816032321708761] 0.000000000000000 
[2.355945772699873, 48.816178769076032] 0.000000000000000 [2.355852133125599, 48.816194630713667] 0.000000000000000 [2.355532410614579, 48.816252974915614] 0.000000000000000 
[2.373746783648218, 48.820544651505514] 0.000000000000000 [2.373695351860318, 48.820570657464408] 0.000000000000000 [2.373612364053130, 48.820721267929130] 0.000000000000000 
[2.353903033624777, 48.822231986153518] 0.000000000000000 [2.353852722330116, 48.822261813812695] 0.000000000000000 [2.353211869921545, 48.822830619284645] 0.000000000000000 
[2.365112573911761, 48.819560263863522] 0.000000000000000 [2.364940038118510, 48.819692761629639] 0.000000000000000 [2.364845790310137, 48.819819987337134] 0.000000000000000 
[2.359814029439523, 48.818089468330051] 0.000000000000000 [2.359998421999236, 48.817548498860354] 0.000000000000000 
[2.353364636941918, 48.818569828009167] 0.000000000000000 [2.353377791206755, 48.818195926299602] 0.000000000000000 
[2.356806524785122, 48.819973167808570] 0.000000000000000 [2.355953876260444, 48.820617457644587] 0.000000000000000 [2.355851750147957, 48.820684929428715] 0.000000000000000 [2.355724760845018, 48.820727909262025] 0.000000000000000 
[2.355026041657577, 48.820954318057872] 0.000000000000000 [2.354907156615123, 48.820850965798527] 0.000000000000000 
[2.360570320502776, 48.822504034997920] 0.000000000000000 [2.358773324987996, 48.822230292952945] 0.000000000000000 [2.358546698862097, 48.822210615951107] 0.000000000000000 
[2.360108937021461, 48.816217820962429] 0.000000000000000 [2.360145632923079, 48.816094387266858] 0.000000000000000 
[2.357071471831306, 48.817082098635417] 0.000000000000000 [2.357323541964944, 48.816943483782950] 0.000000000000000 [2.358466905612537, 48.816933251592658] 0.000000000000000 
[2.356752442792038, 48.815981975319971] 0.000000000000000 [2.357118277907638, 48.816041819145177] 0.000000000000000 [2.357408007493859, 48.816070678309522] 0.000000000000000 
[2.356959329089611, 48.815984348210762] 0.000000000000000 [2.357267275419219, 48.816008393259793] 0.000000000000000 [2.357512186244152, 48.815990677706147] 0.000000000000000 
[2.349660257412109, 48.817199499756654] 0.000000000000000 [2.349371443800386, 48.817088210965501] 0.000000000000000 [2.348613277167652, 48.816775877760627] 0.000000000000000 
[2.360570320502776, 48.822504034997920] 0.000000000000000 [2.360686657901480, 48.821997710012859] 0.000000000000000 
[2.362420011552344, 48.822985181736129] 0.000000000000000 [2.360570320502776, 48.822504034997920] 0.000000000000000 
[2.355326910537871, 48.822126238677527] 0.000000000000000 [2.355341010056585, 48.822027442395559] 0.000000000000000 [2.355313989725521, 48.821802871134615] 0.000000000000000 
[2.358776225896223, 48.821452069965289] 0.000000000000000 [2.357660846259808, 48.821445744569665] 0.000000000000000 
[2.372922273171515, 48.819713718758294] 0.000000000000000 [2.372521514243095, 48.819936416144046] 0.000000000000000 
[2.372465716642525, 48.821517267932414] 0.000000000000000 [2.372356530390306, 48.821547868206800] 0.000000000000000 [2.372216064102029, 48.821541923444656] 0.000000000000000 [2.372084323113193, 48.821569437110441] 0.000000000000000 
[2.354063986844471, 48.822087924406084] 0.000000000000000 [2.354096558842780, 48.822037092978654] 0.000000000000000 [2.354039951416516, 48.821658372599479] 0.000000000000000 [2.353987790966629, 48.821612472508235] 0.000000000000000 
[2.369110533220569, 48.821614409706889] 0.000000000000000 [2.368863549495098, 48.821492898229074] 0.000000000000000 
[2.355608754704042, 48.820606662046742] 0.000000000000000 [2.355539038999224, 48.820523427361891] 0.000000000000000 [2.355412772305161, 48.819722105903942] 0.000000000000000 [2.355314838273508, 48.819668165514358] 0.000000000000000 
[2.361956955358770, 48.819324090261809] 0.000000000000000 [2.361993500197131, 48.819258237471459] 0.000000000000000 [2.362045289110227, 48.819204754233162] 0.000000000000000 
[2.356587794435443, 48.822962977668887] 0.000000000000000 [2.355407150564997, 48.822934223013007] 0.000000000000000 
[2.360257918455302, 48.816732407641922] 0.000000000000000 [2.360123539154521, 48.816548876467500] 0.000000000000000 [2.359884768039841, 48.816388476913737] 0.000000000000000 
[2.370408779114633, 48.818297535104342] 0.000000000000000 [2.370307213858651, 48.818352079221590] 0.000000000000000 
[2.373612364053130, 48.820721267929130] 0.000000000000000 [2.373535502714672, 48.820667093254762] 0.000000000000000 [2.372669660870727, 48.820441213323775] 0.000000000000000 [2.372575996500526, 48.820462896966561] 0.000000000000000 
[2.371658610025630, 48.822280985379862] 0.000000000000000 [2.371614182229562, 48.822354757156546] 0.000000000000000 [2.371571501238217, 48.822415579870189] 0.000000000000000 
[2.350367195260683, 48.822080448932851] 0.000000000000000 [2.350261126640839, 48.822108258853831] 0.000000000000000 [2.350078167948319, 48.822145951390468] 0.000000000000000 
[2.358742165307480, 48.819173234936734] 0.000000000000000 [2.358426429833187, 48.819198880622487] 0.000000000000000 [2.358117468689490, 48.819241097854736] 0.000000000000000 [2.357813631207671, 48.819322089824347] 0.000000000000000 [2.357578747653430, 48.819421628887397] 0.000000000000000 [2.357346419938585, 48.819546445719702] 0.000000000000000 [2.357047738759781, 48.819758971753586] 0.000000000000000 [2.356806524785122, 48.819973167808570] 0.000000000000000 
[2.348863227225824, 48.822971092908986] 0.000000000000000 [2.349330301513235, 48.822184895346076] 0.000000000000000 
[2.350183047605969, 48.821484729262814] 0.000000000000000 [2.348138238576847, 48.821473077180244] 0.000000000000000 
[2.354063986844471, 48.822087924406084] 0.000000000000000 [2.354022691735310, 48.822039973098761] 0.000000000000000 [2.353957391733688, 48.821646910088397] 0.000000000000000 [2.353987790966629, 48.821612472508235] 0.000000000000000 
[2.364879816624081, 48.819857982488472] 0.000000000000000 [2.364789164742684, 48.819890675467441] 0.000000000000000 
[2.362751524692178, 48.822562977816467] 0.000000000000000 [2.362420011552344, 48.822985181736129] 0.000000000000000 
[2.364789164742684, 48.819890675467441] 0.000000000000000 [2.364650649016337, 48.820077057250899] 0.000000000000000 [2.364663074139921, 48.820134859829103] 0.000000000000000 
[2.363780783923304, 48.819468190140640] 0.000000000000000 [2.363660686843568, 48.819520269127118] 0.000000000000000 
[2.363161615489411, 48.822040683169746] 0.000000000000000 [2.362751524692178, 48.822562977816467] 0.000000000000000 
[2.356142207745413, 48.816233834109354] 0.000000000000000 [2.356316885205886, 48.816257508331027] 0.000000000000000 [2.356504912786730, 48.816263456252784] 0.000000000000000 [2.356708780355438, 48.816239490176471] 0.000000000000000 [2.356834540381364, 48.816219477321674] 0.000000000000000 
[2.372084323113193, 48.821569437110441] 0.000000000000000 [2.371996017007338, 48.821720740625459] 0.000000000000000 
[2.377012798487225, 48.820790928351620] 0.000000000000000 [2.377549219853505, 48.820947839232332] 0.000000000000000 [2.378243965223703, 48.821193448258668] 0.000000000000000 [2.378869832565065, 48.821470464097160] 0.000000000000000 
[2.377012798487225, 48.820790928351620] 0.000000000000000 [2.375787634505030, 48.820201882327964] 0.000000000000000 [2.374888611886248, 48.819916130022804] 0.000000000000000 [2.373457392166579, 48.819426228619783] 0.000000000000000 
[2.375823339553376, 48.822328832843702] 0.000000000000000 [2.374933574325730, 48.822090019843969] 0.000000000000000 
[2.357038459519366, 48.820320848272885] 0.000000000000000 [2.356929139892757, 48.820374528087648] 0.000000000000000 [2.356574068970696, 48.820338359716061] 0.000000000000000 
[2.378869832565065, 48.821470464097160] 0.000000000000000 [2.379402472546011, 48.821760856646684] 0.000000000000000 [2.384158461973072, 48.824612157788025] 0.000000000000000 
[2.349550983786246, 48.821980807248700] 0.000000000000000 [2.350183047605969, 48.821484729262814] 0.000000000000000 
[2.353305224488133, 48.819283230569667] 0.000000000000000 [2.352866360608984, 48.819167198713338] 0.000000000000000 
[2.370751332525455, 48.821410152767797] 0.000000000000000 [2.370396224479936, 48.821100278999282] 0.000000000000000 [2.370379115299142, 48.820971787397923] 0.000000000000000 
[2.354907156615123, 48.820850965798527] 0.000000000000000 [2.354754302783521, 48.820926772724313] 0.000000000000000 [2.354566866908966, 48.820988528858074] 0.000000000000000 [2.354445788865722, 48.821001866007052] 0.000000000000000 [2.354360882125714, 48.821053093139405] 0.000000000000000 
[2.360078767779834, 48.816348742750819] 0.000000000000000 [2.357767759892984, 48.816466390828126] 0.000000000000000 [2.357562057362337, 48.816465827172188] 0.000000000000000 [2.357244056720189, 48.816438753699209] 0.000000000000000 
[2.373009669018800, 48.822869603152490] 0.000000000000000 [2.373046175921955, 48.822693243360689] 0.000000000000000 
[2.373009669018800, 48.822869603152490] 0.000000000000000 [2.372825081107282, 48.822818475150093] 0.000000000000000 [2.371667216164691, 48.822437339615604] 0.000000000000000 [2.371571501238217, 48.822415579870189] 0.000000000000000 
[2.355724760845018, 48.820727909262025] 0.000000000000000 [2.355660200764461, 48.820668082713780] 0.000000000000000 [2.355608754704042, 48.820606662046742] 0.000000000000000 
[2.353886808935405, 48.822137474516474] 0.000000000000000 [2.352689095941979, 48.822151473156765] 0.000000000000000 
[2.359998421999236, 48.817548498860354] 0.000000000000000 [2.359836481524633, 48.817456527257114] 0.000000000000000 [2.359759352000310, 48.817488413786151] 0.000000000000000 [2.359592880735167, 48.817643536256071] 0.000000000000000 
[2.371658610025630, 48.822280985379862] 0.000000000000000 [2.371152507489528, 48.822122678744208] 0.000000000000000 
[2.348613277167652, 48.816775877760627] 0.000000000000000 [2.347317675149875, 48.816137056364525] 0.000000000000000 [2.347003380090518, 48.816013103158021] 0.000000000000000 [2.346750379017976, 48.815971966546677] 0.000000000000000 
[2.357660846259808, 48.821445744569665] 0.000000000000000 [2.357576939947216, 48.821670335499640] 0.000000000000000 [2.357125811254456, 48.821644258231636] 0.000000000000000 
[2.366333152838141, 48.817416100175834] 0.000000000000000 [2.365146512530774, 48.816914070825355] 0.000000000000000 [2.364374358008373, 48.816575523357713] 0.000000000000000 
[2.363253914422422, 48.816056263396504] 0.000000000000000 [2.363780934843080, 48.816203277715815] 0.000000000000000 [2.364382548115144, 48.816412869539377] 0.000000000000000 
[2.359058292358145, 48.818066328481137] 0.000000000000000 [2.358895346604825, 48.818071963736813] 0.000000000000000 [2.358283986363352, 48.817956956710454] 0.000000000000000 
[2.373248162659256, 48.819536727065035] 0.000000000000000 [2.377012798487225, 48.820790928351620] 0.000000000000000 
[2.363328742713885, 48.821831113260465] 0.000000000000000 [2.363251630011837, 48.821797363615971] 0.000000000000000 [2.363148939787856, 48.821760624874230] 0.000000000000000 [2.363063667279394, 48.821750303620185] 0.000000000000000 [2.360992981675165, 48.821089063808628] 0.000000000000000 [2.360889673593029, 48.821063860616796] 0.000000000000000 
[2.366798761563076, 48.817393954359503] 0.000000000000000 [2.369472146352060, 48.818290417733927] 0.000000000000000 
[2.360145632923079, 48.816094387266858] 0.000000000000000 [2.360706873564616, 48.816060187372415] 0.000000000000000 
[2.366734642293016, 48.817174782685015] 0.000000000000000 [2.366341859864336, 48.817033789551218] 0.000000000000000 [2.365944091949424, 48.816863256344753] 0.000000000000000 
[2.360657952192780, 48.816183281553023] 0.000000000000000 [2.360706873564616, 48.816060187372415] 0.000000000000000 
[2.374933574325730, 48.822090019843969] 0.000000000000000 [2.373621720181112, 48.821777417444331] 0.000000000000000 [2.372465716642525, 48.821517267932414] 0.000000000000000 
[2.355355074151530, 48.822424703567549] 0.000000000000000 [2.355915168526098, 48.822434510187470] 0.000000000000000 
[2.355355074151530, 48.822424703567549] 0.000000000000000 [2.355326910537871, 48.822126238677527] 0.000000000000000 
[2.368889595350456, 48.821122344448980] 0.000000000000000 [2.368835472847599, 48.820328490361753] 0.000000000000000 [2.368866176434453, 48.820234723094643] 0.000000000000000 
[2.359540452176401, 48.818876028431959] 0.000000000000000 [2.359222991784358, 48.818907009299053] 0.000000000000000 [2.358712310216620, 48.818944204901008] 0.000000000000000 [2.358260361016372, 48.819015110264701] 0.000000000000000 [2.357978762093915, 48.819092636182511] 0.000000000000000 
[2.357408007493859, 48.816070678309522] 0.000000000000000 [2.356740125437864, 48.816134818611907] 0.000000000000000 
[2.358563282637696, 48.816002709548890] 0.000000000000000 [2.357588060119602, 48.816054125869378] 0.000000000000000 [2.357408007493859, 48.816070678309522] 0.000000000000000 
[2.372665555723622, 48.822619345622506] 0.000000000000000 [2.372744724093474, 48.822602720434823] 0.000000000000000 [2.372844743668892, 48.822548857937413] 0.000000000000000 [2.372955955300276, 48.822510477454578] 0.000000000000000 
[2.371152507489528, 48.822122678744208] 0.000000000000000 [2.370688015592531, 48.821968054222232] 0.000000000000000 [2.370430516136192, 48.821851594672225] 0.000000000000000 
[2.369398443257948, 48.821507034400611] 0.000000000000000 [2.369209826236083, 48.821486675061614] 0.000000000000000 
[2.359399341351934, 48.823048148190516] 0.000000000000000 [2.358384801813952, 48.822786209140610] 0.000000000000000 
[2.361616753197783, 48.819937092441279] 0.000000000000000 [2.361956955358770, 48.819324090261809] 0.000000000000000 
[2.363660686843568, 48.819520269127118] 0.000000000000000 [2.362993710318874, 48.819302873964844] 0.000000000000000 
[2.377898875634089, 48.822856601957334] 0.000000000000000 [2.377432136348649, 48.823507844610447] 0.000000000000000 
[2.366508545336120, 48.817483958825740] 0.000000000000000 [2.366472385460493, 48.817589992261517] 0.000000000000000 [2.366501882698682, 48.817777006673715] 0.000000000000000 
[2.375745447635950, 48.820047365641251] 0.000000000000000 [2.375695067439460, 48.820056762837147] 0.000000000000000 [2.375495252128125, 48.819991400370462] 0.000000000000000 
[2.372465716642525, 48.821517267932414] 0.000000000000000 [2.372302026296246, 48.821199218962597] 0.000000000000000 
[2.348769569772603, 48.819106742507316] 0.000000000000000 [2.348675197688087, 48.818995180027486] 0.000000000000000 [2.348367195055737, 48.818850285226468] 0.000000000000000 [2.347310291853641, 48.817443198121332] 0.000000000000000 [2.347290116037254, 48.817398956153610] 0.000000000000000 [2.347611239291412, 48.817250329140677] 0.000000000000000 
[2.373046175921955, 48.822693243360689] 0.000000000000000 [2.372955955300276, 48.822510477454578] 0.000000000000000 
[2.348863227225824, 48.822971092908986] 0.000000000000000 [2.348742488854790, 48.822944532406801] 0.000000000000000 [2.347220867219208, 48.822360310305655] 0.000000000000000 
[2.357009434165064, 48.816343806157612] 0.000000000000000 [2.356834540381364, 48.816219477321674] 0.000000000000000 
[2.364845790310137, 48.819819987337134] 0.000000000000000 [2.364789164742684, 48.819890675467441] 0.000000000000000 
[2.364841271021609, 48.818970606009792] 0.000000000000000 [2.365082940604174, 48.818885114595552] 0.000000000000000 [2.365212291412548, 48.818850640097409] 0.000000000000000 [2.365337302471359, 48.818848091112372] 0.000000000000000 [2.365497326909670, 48.818873140011974] 0.000000000000000 [2.365619093116687, 48.818912407287101] 0.000000000000000 
[2.359814029439523, 48.818089468330051] 0.000000000000000 [2.359533289567488, 48.818093661574473] 0.000000000000000 [2.359237087065370, 48.818051913633774] 0.000000000000000 [2.359058292358145, 48.818066328481137] 0.000000000000000 
[2.357021553358563, 48.816646337421908] 0.000000000000000 [2.357116698725778, 48.816652310091051] 0.000000000000000 [2.357175614877865, 48.816703162278323] 0.000000000000000 [2.357207425340401, 48.816939521085786] 0.000000000000000 [2.357071471831306, 48.817082098635417] 0.000000000000000 
[2.357071471831306, 48.817082098635417] 0.000000000000000 [2.356999023922624, 48.816969477800434] 0.000000000000000 [2.356940035074850, 48.816736108916771] 0.000000000000000 [2.356971726040840, 48.816676265339396] 0.000000000000000 [2.357021553358563, 48.816646337421908] 0.000000000000000 
[2.375555466921774, 48.819985201542742] 0.000000000000000 [2.375495252128125, 48.819991400370462] 0.000000000000000 
[2.354152716553626, 48.822139906593186] 0.000000000000000 [2.354081377383949, 48.822246562622205] 0.000000000000000 
[2.356497161963114, 48.822100769650923] 0.000000000000000 [2.356455830767680, 48.821824375919860] 0.000000000000000 
[2.356834540381364, 48.816219477321674] 0.000000000000000 [2.357275061047805, 48.816166079911788] 0.000000000000000 [2.358045242051721, 48.816122555657650] 0.000000000000000 [2.358485189011223, 48.816100565270006] 0.000000000000000 [2.358852757114502, 48.816040952502512] 0.000000000000000 
[2.360706873564616, 48.816060187372415] 0.000000000000000 [2.361155121875040, 48.816032321708761] 0.000000000000000 
[2.360321412027887, 48.816492971955341] 0.000000000000000 [2.360580629935259, 48.816321264198756] 0.000000000000000 
[2.356834540381364, 48.816219477321674] 0.000000000000000 [2.356740125437864, 48.816134818611907] 0.000000000000000 
[2.353385445894051, 48.817913507764075] 0.000000000000000 [2.353205814405396, 48.817948399067724] 0.000000000000000 
[2.358852757114502, 48.816040952502512] 0.000000000000000 [2.359081239005492, 48.816008633191856] 0.000000000000000 
[2.360321412027887, 48.816492971955341] 0.000000000000000 [2.360078767779834, 48.816348742750819] 0.000000000000000 
[2.352689095941979, 48.822151473156765] 0.000000000000000 [2.352635392464640, 48.822005789738199] 0.000000000000000 [2.352574053383508, 48.821832058268804] 0.000000000000000 [2.352556955812795, 48.821596460551312] 0.000000000000000 
[2.372955955300276, 48.822510477454578] 0.000000000000000 [2.372974369266172, 48.822436245020739] 0.000000000000000 [2.372933529649445, 48.822348165352494] 0.000000000000000 [2.372465716642525, 48.821517267932414] 0.000000000000000 
[2.370379115299142, 48.820971787397923] 0.000000000000000 [2.369786089870997, 48.821267993516116] 0.000000000000000 
[2.364513751235242, 48.821420201487861] 0.000000000000000 [2.364561512394851, 48.821345918420036] 0.000000000000000 [2.365021621455201, 48.821453762516953] 0.000000000000000 
[2.352556955812795, 48.821596460551312] 0.000000000000000 [2.352560059473368, 48.821503915032125] 0.000000000000000 [2.352560977500816, 48.821434590441349] 0.000000000000000 [2.352562724425260, 48.821313538923910] 0.000000000000000 [2.352562002192409, 48.821181614914735] 0.000000000000000 
[2.358742165307480, 48.819173234936734] 0.000000000000000 [2.358661432394692, 48.819536359436682] 0.000000000000000 [2.357038459519366, 48.820320848272885] 0.000000000000000 
[2.373009669018800, 48.822869603152490] 0.000000000000000 [2.372887254686031, 48.823087626612050] 0.000000000000000 
[2.369376850054450, 48.821683936955580] 0.000000000000000 [2.368717134412549, 48.822923504161835] 0.000000000000000 
[2.356574068970696, 48.820338359716061] 0.000000000000000 [2.356282291555404, 48.820571124545808] 0.000000000000000 
[2.360321412027887, 48.816492971955341] 0.000000000000000 [2.359884768039841, 48.816388476913737] 0.000000000000000 
[2.355960901421243, 48.816713699313368] 0.000000000000000 [2.355672208415020, 48.816845293964803] 0.000000000000000 [2.355347905453882, 48.817014043690584] 0.000000000000000 [2.354573054895133, 48.817454579442831] 0.000000000000000 [2.353929797422999, 48.817753877089650] 0.000000000000000 [2.353385445894051, 48.817913507764075] 0.000000000000000 
[2.357125811254456, 48.821644258231636] 0.000000000000000 [2.356503110976399, 48.821606609237605] 0.000000000000000 [2.356442326933247, 48.821598112160089] 0.000000000000000 
[2.373128233782051, 48.819600974195311] 0.000000000000000 [2.372922273171515, 48.819713718758294] 0.000000000000000 
[2.352849319827758, 48.820224836769832] 0.000000000000000 [2.351889179417638, 48.820047552648958] 0.000000000000000 [2.351722356657397, 48.820047206841231] 0.000000000000000 
[2.355326910537871, 48.822126238677527] 0.000000000000000 [2.354152716553626, 48.822139906593186] 0.000000000000000 
[2.366734642293016, 48.817174782685015] 0.000000000000000 [2.366596916277640, 48.817314026605665] 0.000000000000000 
[2.371552369051182, 48.821594710356294] 0.000000000000000 [2.371152507489528, 48.822122678744208] 0.000000000000000 
[2.372887254686031, 48.823087626612050] 0.000000000000000 [2.372771490339979, 48.823235332892203] 0.000000000000000 
[2.360686657901480, 48.821997710012859] 0.000000000000000 [2.360889673593029, 48.821063860616796] 0.000000000000000 
[2.356740125437864, 48.816134818611907] 0.000000000000000 [2.356642346721354, 48.816149305026720] 0.000000000000000 
[2.352960886386760, 48.822873992079749] 0.000000000000000 [2.352689095941979, 48.822151473156765] 0.000000000000000 
[2.352485824358009, 48.818570008880734] 0.000000000000000 [2.352973984397784, 48.818235724115958] 0.000000000000000 [2.353377791206755, 48.818195926299602] 0.000000000000000 
[2.364382548115144, 48.816412869539377] 0.000000000000000 [2.364385983446594, 48.816369910814977] 0.000000000000000 
[2.366004288927308, 48.819307601705809] 0.000000000000000 [2.366053666166601, 48.820425836224459] 0.000000000000000 [2.366039441348646, 48.820554903531090] 0.000000000000000 
[2.349467316633575, 48.820644451090494] 0.000000000000000 [2.347968115406445, 48.820236422659534] 0.000000000000000 
[2.364374358008373, 48.816575523357713] 0.000000000000000 [2.364382548115144, 48.816412869539377] 0.000000000000000 
[2.372575996500526, 48.820462896966561] 0.000000000000000 [2.372499086479670, 48.820568612835842] 0.000000000000000 [2.372379991423929, 48.820660736180926] 0.000000000000000 [2.372221652433335, 48.820720318032201] 0.000000000000000 [2.372059062020734, 48.820738983519945] 0.000000000000000 
[2.366678150021313, 48.817549587568287] 0.000000000000000 [2.366508545336120, 48.817483958825740] 0.000000000000000 
[2.356455830767680, 48.821824375919860] 0.000000000000000 [2.356442326933247, 48.821598112160089] 0.000000000000000 
[2.355724760845018, 48.820727909262025] 0.000000000000000 [2.355223766259244, 48.820911435304339] 0.000000000000000 [2.355026041657577, 48.820954318057872] 0.000000000000000 
[2.360078767779834, 48.816348742750819] 0.000000000000000 [2.360108937021461, 48.816217820962429] 0.000000000000000 
[2.373683085067340, 48.819372567763153] 0.000000000000000 [2.373634518505693, 48.819422844080535] 0.000000000000000 [2.373457392166579, 48.819426228619783] 0.000000000000000 
[2.356740125437864, 48.816134818611907] 0.000000000000000 [2.356574971344346, 48.815979947439928] 0.000000000000000 
[2.360883073917872, 48.816303070544414] 0.000000000000000 [2.360580629935259, 48.816321264198756] 0.000000000000000 
[2.372922273171515, 48.819713718758294] 0.000000000000000 [2.370914914529714, 48.819043304565817] 0.000000000000000 [2.370501979788448, 48.818824608355172] 0.000000000000000 [2.369369113722035, 48.818413396165191] 0.000000000000000 
[2.362766507658979, 48.818039545326073] 0.000000000000000 [2.362464436893641, 48.817978104647281] 0.000000000000000 [2.360386834987969, 48.818069295597212] 0.000000000000000 
[2.356442326933247, 48.821598112160089] 0.000000000000000 [2.356177384286130, 48.821511244062208] 0.000000000000000 
[2.355313989725521, 48.821802871134615] 0.000000000000000 [2.355285894608248, 48.821505962361968] 0.000000000000000 
[2.364231059895681, 48.816518616645070] 0.000000000000000 [2.363635567838185, 48.816373176336931] 0.000000000000000 [2.363162627238565, 48.816267443322033] 0.000000000000000 [2.362781759984313, 48.816225625420280] 0.000000000000000 [2.362394542184249, 48.816198457556041] 0.000000000000000 [2.362039093492485, 48.816198537464736] 0.000000000000000 [2.361753466922706, 48.816213286540950] 0.000000000000000 [2.361233008038866, 48.816274173566960] 0.000000000000000 [2.360883073917872, 48.816303070544414] 0.000000000000000 
[2.358546698862097, 48.822210615951107] 0.000000000000000 [2.357175665332097, 48.822140936490051] 0.000000000000000 
[2.357029600165276, 48.822975579037895] 0.000000000000000 [2.357028014419524, 48.822927890896359] 0.000000000000000 [2.357148560387769, 48.822230572127573] 0.000000000000000 [2.357175665332097, 48.822140936490051] 0.000000000000000 
[2.378717664371639, 48.821104038991919] 0.000000000000000 [2.378925403543304, 48.821171830365095] 0.000000000000000 [2.379090956889771, 48.821146265520944] 0.000000000000000 
[2.353886808935405, 48.822137474516474] 0.000000000000000 [2.353930802984697, 48.822111605051724] 0.000000000000000 [2.354063986844471, 48.822087924406084] 0.000000000000000 
[2.355082134787583, 48.823124653269993] 0.000000000000000 [2.354029114226847, 48.824056378219211] 0.000000000000000 [2.353956317567056, 48.824131478682268] 0.000000000000000 
[2.358546698862097, 48.822210615951107] 0.000000000000000 [2.358776225896223, 48.821452069965289] 0.000000000000000 
[2.368986351360495, 48.817829742893721] 0.000000000000000 [2.368938595568467, 48.817894468420945] 0.000000000000000 
[2.361054171097501, 48.816158205834768] 0.000000000000000 [2.360657952192780, 48.816183281553023] 0.000000000000000 
[2.369376850054450, 48.821683936955580] 0.000000000000000 [2.369110533220569, 48.821614409706889] 0.000000000000000 
[2.353903033624777, 48.822231986153518] 0.000000000000000 [2.353880875852437, 48.822192106697827] 0.000000000000000 [2.353886808935405, 48.822137474516474] 0.000000000000000 
[2.357029600165276, 48.822975579037895] 0.000000000000000 [2.356587794435443, 48.822962977668887] 0.000000000000000 
[2.355945772699873, 48.816178769076032] 0.000000000000000 [2.356142207745413, 48.816233834109354] 0.000000000000000 
[2.356587794435443, 48.822962977668887] 0.000000000000000 [2.356497161963114, 48.822100769650923] 0.000000000000000 
[2.364841271021609, 48.818970606009792] 0.000000000000000 [2.363548073754132, 48.818384774015328] 0.000000000000000 
[2.364341049722443, 48.822626997847060] 0.000000000000000 [2.364000739676820, 48.822928247034099] 0.000000000000000 [2.363903775400210, 48.822934385776016] 0.000000000000000 [2.363814335574685, 48.823002212278602] 0.000000000000000 
[2.361616753197783, 48.819937092441279] 0.000000000000000 [2.361544167673388, 48.819908889778596] 0.000000000000000 [2.361011695005974, 48.819819473879910] 0.000000000000000 [2.360704127193444, 48.819817354102653] 0.000000000000000 [2.360564837338801, 48.819839118995233] 0.000000000000000 [2.360454586919677, 48.819957963424024] 0.000000000000000 [2.360269502953948, 48.819930996562036] 0.000000000000000 [2.359682801364581, 48.819835363076372] 0.000000000000000 
[2.361048613094952, 48.820804386540090] 0.000000000000000 [2.361009901777225, 48.820760879070207] 0.000000000000000 [2.360923794972810, 48.820736895637744] 0.000000000000000 [2.359284064601620, 48.820449503831505] 0.000000000000000 [2.359086304926709, 48.820430729836147] 0.000000000000000 
[2.371996017007338, 48.821720740625459] 0.000000000000000 [2.371552369051182, 48.821594710356294] 0.000000000000000 
[2.372059062020734, 48.820738983519945] 0.000000000000000 [2.371832402419982, 48.820280424928079] 0.000000000000000 
[2.353377791206755, 48.818195926299602] 0.000000000000000 [2.353385445894051, 48.817913507764075] 0.000000000000000 
[2.362045289110227, 48.819204754233162] 0.000000000000000 [2.362176430328029, 48.819069348808505] 0.000000000000000 [2.362766507658979, 48.818039545326073] 0.000000000000000 
[2.358443284505404, 48.817575859371210] 0.000000000000000 [2.358689669395268, 48.817020050740709] 0.000000000000000 
[2.375420240417033, 48.820977515734725] 0.000000000000000 [2.373746783648218, 48.820544651505514] 0.000000000000000 
[2.373540728696007, 48.819325924003103] 0.000000000000000 [2.373457392166579, 48.819426228619783] 0.000000000000000 
[2.351183225004147, 48.817941330832355] 0.000000000000000 [2.350442371930695, 48.817793358682430] 0.000000000000000 [2.349841588901983, 48.817628135279655] 0.000000000000000 [2.349324253036462, 48.817444527176789] 0.000000000000000 [2.348712333348393, 48.817198480889665] 0.000000000000000 [2.348195594241392, 48.816960703874919] 0.000000000000000 
[2.360046572575435, 48.816222158577062] 0.000000000000000 [2.357605683126458, 48.816391709579861] 0.000000000000000 [2.357244056720189, 48.816438753699209] 0.000000000000000 
[2.360016628796938, 48.816104665702156] 0.000000000000000 [2.360145632923079, 48.816094387266858] 0.000000000000000 
[2.357061905819427, 48.822134203726279] 0.000000000000000 [2.356497161963114, 48.822100769650923] 0.000000000000000 
[2.363328742713885, 48.821831113260465] 0.000000000000000 [2.363161615489411, 48.822040683169746] 0.000000000000000 
[2.363788387468174, 48.821246808848002] 0.000000000000000 [2.364513751235242, 48.821420201487861] 0.000000000000000 
[2.368863549495098, 48.821492898229074] 0.000000000000000 [2.367217279186329, 48.820935273069807] 0.000000000000000 
[2.373612364053130, 48.820721267929130] 0.000000000000000 [2.373483744426712, 48.820933690922310] 0.000000000000000 
[2.359489508234673, 48.819147259706462] 0.000000000000000 [2.359129452325572, 48.819155425102629] 0.000000000000000 [2.358742165307480, 48.819173234936734] 0.000000000000000 
[2.355839153823025, 48.820831054839047] 0.000000000000000 [2.355312790488908, 48.821024567991707] 0.000000000000000 [2.355244810985334, 48.821071764251371] 0.000000000000000 
[2.362844278881667, 48.819537196437921] 0.000000000000000 [2.362215270663575, 48.819289014683655] 0.000000000000000 [2.362045289110227, 48.819204754233162] 0.000000000000000 
[2.355407150564997, 48.822934223013007] 0.000000000000000 [2.355355074151530, 48.822424703567549] 0.000000000000000 
[2.376954985475360, 48.820872242960597] 0.000000000000000 [2.375793847721869, 48.820659700919350] 0.000000000000000 [2.372922273171515, 48.819713718758294] 0.000000000000000 
[2.356442326933247, 48.821598112160089] 0.000000000000000 [2.356362321755709, 48.820837053128720] 0.000000000000000 [2.356359084574416, 48.820707387434268] 0.000000000000000 [2.356331918031239, 48.820643084850410] 0.000000000000000 [2.356282291555404, 48.820571124545808] 0.000000000000000 
[2.372521514243095, 48.819936416144046] 0.000000000000000 [2.371832402419982, 48.820280424928079] 0.000000000000000 
[2.370307213858651, 48.818352079221590] 0.000000000000000 [2.370974221501028, 48.818527391420027] 0.000000000000000 [2.373435617668623, 48.819354104831270] 0.000000000000000 [2.373540728696007, 48.819325924003103] 0.000000000000000 
[2.363041673756754, 48.819224761080847] 0.000000000000000 [2.363548073754132, 48.818384774015328] 0.000000000000000 
[2.359320081634146, 48.817858571312996] 0.000000000000000 [2.359058292358145, 48.818066328481137] 0.000000000000000 
[2.378814472763032, 48.821550339793966] 0.000000000000000 [2.378238141814272, 48.822383999503657] 0.000000000000000 [2.377898875634089, 48.822856601957334] 0.000000000000000 
[2.356177384286130, 48.821511244062208] 0.000000000000000 [2.355285894608248, 48.821505962361968] 0.000000000000000 
[2.352562002192409, 48.821181614914735] 0.000000000000000 [2.352571218556564, 48.821042226786233] 0.000000000000000 
[2.372665555723622, 48.822619345622506] 0.000000000000000 [2.372614269907580, 48.822603688224767] 0.000000000000000 [2.371658610025630, 48.822280985379862] 0.000000000000000 
[2.362751524692178, 48.822562977816467] 0.000000000000000 [2.362573967899459, 48.822573998594180] 0.000000000000000 [2.360789649609593, 48.822042085502410] 0.000000000000000 [2.360686657901480, 48.821997710012859] 0.000000000000000 
[2.359884768039841, 48.816388476913737] 0.000000000000000 [2.359098792665788, 48.816410595897160] 0.000000000000000 [2.358600403669191, 48.816444991429940] 0.000000000000000 [2.357617329757273, 48.816497741051272] 0.000000000000000 [2.357002326229433, 48.816546827931404] 0.000000000000000 [2.355960901421243, 48.816713699313368] 0.000000000000000 
[2.368717134412549, 48.822923504161835] 0.000000000000000 [2.368494435672819, 48.823309535120245] 0.000000000000000 
[2.364231059895681, 48.816518616645070] 0.000000000000000 [2.364031012111483, 48.816448791382477] 0.000000000000000 [2.363786236062696, 48.816361827489146] 0.000000000000000 [2.363569731580519, 48.816301789989886] 0.000000000000000 [2.363296735474950, 48.816227268015261] 0.000000000000000 [2.362797838335330, 48.816140361490014] 0.000000000000000 [2.362185229693912, 48.816111886315241] 0.000000000000000 [2.361054171097501, 48.816158205834768] 0.000000000000000 
[2.349330301513235, 48.822184895346076] 0.000000000000000 [2.349550983786246, 48.821980807248700] 0.000000000000000 
[2.353211869921545, 48.822830619284645] 0.000000000000000 [2.352960886386760, 48.822873992079749] 0.000000000000000 
[2.364382548115144, 48.816412869539377] 0.000000000000000 [2.365015559470121, 48.816681137023942] 0.000000000000000 
[2.373457392166579, 48.819426228619783] 0.000000000000000 [2.373248162659256, 48.819536727065035] 0.000000000000000 
[2.359291428768303, 48.819772061118030] 0.000000000000000 [2.359367751349071, 48.819271177037379] 0.000000000000000 [2.359489508234673, 48.819147259706462] 0.000000000000000 
[2.376547726165357, 48.822500882406409] 0.000000000000000 [2.375823339553376, 48.822328832843702] 0.000000000000000 
[2.378869832565065, 48.821470464097160] 0.000000000000000 [2.378814472763032, 48.821550339793966] 0.000000000000000 
[2.367077643769363, 48.822639695036948] 0.000000000000000 [2.366419062331663, 48.822967349983685] 0.000000000000000 
[2.350697819486443, 48.820993302893562] 0.000000000000000 [2.349467316633575, 48.820644451090494] 0.000000000000000 
[2.350459789697398, 48.821222332347013] 0.000000000000000 [2.350522983296988, 48.821186749870648] 0.000000000000000 [2.350627967604556, 48.821034885046942] 0.000000000000000 [2.350697819486443, 48.820993302893562] 0.000000000000000 
[2.376144559786901, 48.823082754601309] 0.000000000000000 [2.375865838626470, 48.823456337215937] 0.000000000000000 [2.375849767553913, 48.823525524147982] 0.000000000000000 [2.375773689686830, 48.823611970750513] 0.000000000000000 
[2.350459789697398, 48.821222332347013] 0.000000000000000 [2.350391097232667, 48.821223069924514] 0.000000000000000 [2.348661125486552, 48.821239832081574] 0.000000000000000 [2.348174725122433, 48.821239307788517] 0.000000000000000 
[2.376144559786901, 48.823082754601309] 0.000000000000000 [2.375436419108862, 48.822847307803286] 0.000000000000000 
[2.358628834129258, 48.816941385519996] 0.000000000000000 [2.358596462952419, 48.816683435336238] 0.000000000000000 [2.358645067721056, 48.816634019559743] 0.000000000000000 [2.358724999976804, 48.816661224713478] 0.000000000000000 [2.358876095666749, 48.816936606599803] 0.000000000000000 [2.358725600188887, 48.816976869838037] 0.000000000000000 [2.358689669395268, 48.817020050740709] 0.000000000000000 
[2.370379115299142, 48.820971787397923] 0.000000000000000 [2.370448623970138, 48.820850031300310] 0.000000000000000 [2.370360314369508, 48.820738197213004] 0.000000000000000 [2.370275572629850, 48.820663654777583] 0.000000000000000 [2.369181274767326, 48.820253814881468] 0.000000000000000 [2.368944810226308, 48.820216607307700] 0.000000000000000 [2.368866176434453, 48.820234723094643] 0.000000000000000 
[2.356497161963114, 48.822100769650923] 0.000000000000000 [2.355326910537871, 48.822126238677527] 0.000000000000000 
[2.359592880735167, 48.817643536256071] 0.000000000000000 [2.359515074575858, 48.817564712290711] 0.000000000000000 [2.359183480108485, 48.817455058325628] 0.000000000000000 
[2.369524641317070, 48.821332484847396] 0.000000000000000 [2.368991649808530, 48.821159059622595] 0.000000000000000 [2.368889595350456, 48.821122344448980] 0.000000000000000 
[2.360889673593029, 48.821063860616796] 0.000000000000000 [2.361048613094952, 48.820804386540090] 0.000000000000000 
[2.358776225896223, 48.821452069965289] 0.000000000000000 [2.359086304926709, 48.820430729836147] 0.000000000000000 
[2.371571501238217, 48.822415579870189] 0.000000000000000 [2.370905056129553, 48.823365397735579] 0.000000000000000 
[2.352556955812795, 48.821596460551312] 0.000000000000000 [2.352437824489240, 48.821611692209089] 0.000000000000000 [2.350367195260683, 48.822080448932851] 0.000000000000000 
[2.356642346721354, 48.816149305026720] 0.000000000000000 [2.356142207745413, 48.816233834109354] 0.000000000000000 
[2.373046175921955, 48.822693243360689] 0.000000000000000 [2.372911553776064, 48.822694428857709] 0.000000000000000 [2.372665555723622, 48.822619345622506] 0.000000000000000 
[2.376547726165357, 48.822500882406409] 0.000000000000000 [2.376431430689973, 48.822703088979715] 0.000000000000000 [2.376144559786901, 48.823082754601309] 0.000000000000000 
[2.369209826236083, 48.821486675061614] 0.000000000000000 [2.368863549495098, 48.821492898229074] 0.000000000000000 
[2.360997590224434, 48.819064661982694] 0.000000000000000 [2.359767977613180, 48.818899732329363] 0.000000000000000 [2.359540452176401, 48.818876028431959] 0.000000000000000 
[2.366508545336120, 48.817483958825740] 0.000000000000000 [2.366333152838141, 48.817416100175834] 0.000000000000000 
[2.373248162659256, 48.819536727065035] 0.000000000000000 [2.373128233782051, 48.819600974195311] 0.000000000000000 
[2.375576231550326, 48.821017867059119] 0.000000000000000 [2.376806494793407, 48.821338029328984] 0.000000000000000 
[2.363780783923304, 48.819468190140640] 0.000000000000000 [2.364631457066032, 48.819088696959881] 0.000000000000000 [2.364841271021609, 48.818970606009792] 0.000000000000000 
[2.371552369051182, 48.821594710356294] 0.000000000000000 [2.370851805910273, 48.821362910992050] 0.000000000000000 [2.370751332525455, 48.821410152767797] 0.000000000000000 
[2.360883073917872, 48.816303070544414] 0.000000000000000 [2.360321412027887, 48.816492971955341] 0.000000000000000 
[2.371571501238217, 48.822415579870189] 0.000000000000000 [2.371489097985121, 48.822382259271613] 0.000000000000000 [2.370606570110718, 48.822080820296499] 0.000000000000000 [2.370307168951864, 48.822011054162246] 0.000000000000000 [2.369541724827983, 48.821758618271012] 0.000000000000000 [2.369376850054450, 48.821683936955580] 0.000000000000000 
[2.360580629935259, 48.816321264198756] 0.000000000000000 [2.360078767779834, 48.816348742750819] 0.000000000000000 
[2.362993710318874, 48.819302873964844] 0.000000000000000 [2.363041673756754, 48.819224761080847] 0.000000000000000 
[2.369786089870997, 48.821267993516116] 0.000000000000000 [2.369398443257948, 48.821507034400611] 0.000000000000000 
[2.350406443399928, 48.821467481483367] 0.000000000000000 [2.350183047605969, 48.821484729262814] 0.000000000000000 
[2.370430516136192, 48.821851594672225] 0.000000000000000 [2.369398443257948, 48.821507034400611] 0.000000000000000 
[2.369398443257948, 48.821507034400611] 0.000000000000000 [2.369110533220569, 48.821614409706889] 0.000000000000000 
[2.356642346721354, 48.816149305026720] 0.000000000000000 [2.356834540381364, 48.816219477321674] 0.000000000000000 
[2.366960616741297, 48.817185099930320] 0.000000000000000 [2.367087183522125, 48.817287088879297] 0.000000000000000 [2.368938595568467, 48.817894468420945] 0.000000000000000 
[2.366039441348646, 48.820554903531090] 0.000000000000000 [2.364663074139921, 48.820134859829103] 0.000000000000000 
[2.378814472763032, 48.821550339793966] 0.000000000000000 [2.378174165741823, 48.821270731243565] 0.000000000000000 [2.377489636520710, 48.821028616035740] 0.000000000000000 [2.376954985475360, 48.820872242960597] 0.000000000000000 
[2.359540452176401, 48.818876028431959] 0.000000000000000 [2.359619608483187, 48.818836318419798] 0.000000000000000 [2.359814029439523, 48.818089468330051] 0.000000000000000 
[2.378717664371639, 48.821104038991919] 0.000000000000000 [2.378738016555996, 48.821030210520100] 0.000000000000000 
[2.358384801813952, 48.822786209140610] 0.000000000000000 [2.358546698862097, 48.822210615951107] 0.000000000000000 
[2.360108937021461, 48.816217820962429] 0.000000000000000 [2.360046572575435, 48.816222158577062] 0.000000000000000 
[2.354393192571843, 48.817406999713278] 0.000000000000000 [2.355262771045909, 48.816943734091296] 0.000000000000000 [2.355593882312974, 48.816771647695369] 0.000000000000000 [2.355990812180486, 48.816589675425135] 0.000000000000000 [2.356328654040676, 48.816477325165735] 0.000000000000000 [2.356733757334836, 48.816386085504178] 0.000000000000000 [2.357009434165064, 48.816343806157612] 0.000000000000000 
[2.355082134787583, 48.823124653269993] 0.000000000000000 [2.354572936597588, 48.823293582853452] 0.000000000000000 
[2.359998421999236, 48.817548498860354] 0.000000000000000 [2.360156123889970, 48.817717458012446] 0.000000000000000 [2.360254124533971, 48.817823353955255] 0.000000000000000 [2.360386834987969, 48.818069295597212] 0.000000000000000 
[2.364341049722443, 48.822626997847060] 0.000000000000000 [2.363161615489411, 48.822040683169746] 0.000000000000000 
[2.363814335574685, 48.823002212278602] 0.000000000000000 [2.363314605715809, 48.822731173032345] 0.000000000000000 [2.362851798930150, 48.822505841350534] 0.000000000000000 [2.362751524692178, 48.822562977816467] 0.000000000000000 
[2.354063986844471, 48.822087924406084] 0.000000000000000 [2.354152716553626, 48.822139906593186] 0.000000000000000 
[2.358289099497799, 48.823005838994348] 0.000000000000000 [2.358384801813952, 48.822786209140610] 0.000000000000000 
[2.358852757114502, 48.816040952502512] 0.000000000000000 [2.359791586645464, 48.816122607891579] 0.000000000000000 
[2.367217279186329, 48.820935273069807] 0.000000000000000 [2.366039441348646, 48.820554903531090] 0.000000000000000 
[2.359998421999236, 48.817548498860354] 0.000000000000000 [2.359782819708490, 48.817645871910777] 0.000000000000000 [2.359592880735167, 48.817643536256071] 0.000000000000000 
[2.362844278881667, 48.819537196437921] 0.000000000000000 [2.362227270311828, 48.819372347805995] 0.000000000000000 [2.361956955358770, 48.819324090261809] 0.000000000000000 
[2.350078167948319, 48.822145951390468] 0.000000000000000 [2.349825370781450, 48.822181133313421] 0.000000000000000 [2.349330301513235, 48.822184895346076] 0.000000000000000 
[2.371996017007338, 48.821720740625459] 0.000000000000000 [2.371658610025630, 48.822280985379862] 0.000000000000000 
[2.365112573911761, 48.819560263863522] 0.000000000000000 [2.365041018670228, 48.819743617292474] 0.000000000000000 [2.364948096774275, 48.819855924011854] 0.000000000000000 [2.364879816624081, 48.819857982488472] 0.000000000000000 
[2.369786089870997, 48.821267993516116] 0.000000000000000 [2.369524641317070, 48.821332484847396] 0.000000000000000 
[2.359320081634146, 48.817858571312996] 0.000000000000000 [2.359146638531363, 48.817778687812407] 0.000000000000000 [2.358535962058717, 48.817662027233538] 0.000000000000000 [2.358443284505404, 48.817575859371210] 0.000000000000000 
[2.352562002192409, 48.821181614914735] 0.000000000000000 [2.352381730149723, 48.821170956889347] 0.000000000000000 [2.351150724638535, 48.821171122405559] 0.000000000000000 [2.350459789697398, 48.821222332347013] 0.000000000000000 
[2.352866360608984, 48.819167198713338] 0.000000000000000 [2.352939668184585, 48.819087700703371] 0.000000000000000 [2.353364636941918, 48.818569828009167] 0.000000000000000 
[2.356806524785122, 48.819973167808570] 0.000000000000000 [2.356837193567071, 48.820042299044545] 0.000000000000000 [2.356820783490963, 48.820146500197190] 0.000000000000000 [2.356574068970696, 48.820338359716061] 0.000000000000000 
