[2.253350010146937, 48.848095341944337] 0.000000000000000 [2.253084301901667, 48.848096595576187] 0.000000000000000 
[2.253857660092359, 48.840467036609496] 0.000000000000000 [2.253553986639286, 48.840360160815635] 0.000000000000000 
[2.242056729517583, 48.848921813808218] 0.000000000000000 [2.241972987826848, 48.849990139113480] 0.000000000000000 [2.241767147625184, 48.851591759642716] 0.000000000000000 [2.241553167117418, 48.853530511425951] 0.000000000000000 
[2.254650632387265, 48.842477509496987] 0.000000000000000 [2.254479954667109, 48.842645443405786] 0.000000000000000 
[2.254650632387265, 48.842477509496987] 0.000000000000000 [2.254650559722187, 48.842357015623243] 0.000000000000000 [2.254791450084280, 48.841605502404654] 0.000000000000000 
[2.254232906426146, 48.837981197099737] 0.000000000000000 [2.253930487143057, 48.837065964773515] 0.000000000000000 
[2.255003433622314, 48.838136814042244] 0.000000000000000 [2.255201250372540, 48.838330605864655] 0.000000000000000 
[2.253553986639286, 48.840360160815635] 0.000000000000000 [2.253567927382388, 48.839918851948582] 0.000000000000000 
[2.253682739354430, 48.839923890712257] 0.000000000000000 [2.253682953965564, 48.839917847354918] 0.000000000000000 [2.253882339885974, 48.838814130768576] 0.000000000000000 [2.254007743321902, 48.838691282058647] 0.000000000000000 
[2.253804705453434, 48.848095673993704] 0.000000000000000 [2.253591110207915, 48.848093143655873] 0.000000000000000 
[2.254821873997028, 48.845194489566104] 0.000000000000000 [2.255006716244676, 48.845184163913444] 0.000000000000000 
[2.254644219077627, 48.845226196371073] 0.000000000000000 [2.254821873997028, 48.845194489566104] 0.000000000000000 
[2.256352565079925, 48.842997702722350] 0.000000000000000 [2.256096191164511, 48.842470456380092] 0.000000000000000 
[2.255006716244676, 48.845184163913444] 0.000000000000000 [2.255086113555524, 48.845438706072947] 0.000000000000000 
[2.252924860873654, 48.848260254568011] 0.000000000000000 [2.253011238256573, 48.848194598626854] 0.000000000000000 [2.253075944246180, 48.848140240092619] 0.000000000000000 [2.253084301901667, 48.848096595576187] 0.000000000000000 
[2.254857579989267, 48.847930886747726] 0.000000000000000 [2.254318452105394, 48.847992359578306] 0.000000000000000 [2.254030316974835, 48.848058904545503] 0.000000000000000 
[2.253725802118936, 48.847946579273533] 0.000000000000000 [2.253804705453434, 48.848095673993704] 0.000000000000000 
[2.242555793509177, 48.848472912108420] 0.000000000000000 [2.242141010955903, 48.848447794000123] 0.000000000000000 
[2.243266588481863, 48.848288299723031] 0.000000000000000 [2.243259495146399, 48.848372592275574] 0.000000000000000 [2.243298984170821, 48.848458667008288] 0.000000000000000 
[2.254918650073329, 48.845444431885880] 0.000000000000000 [2.254623818625541, 48.845450200385081] 0.000000000000000 [2.254531867396631, 48.845422525835211] 0.000000000000000 
[2.256158294824707, 48.836981958594627] 0.000000000000000 [2.256455870378828, 48.837016547862405] 0.000000000000000 
[2.243298984170821, 48.848458667008288] 0.000000000000000 [2.243359508157676, 48.848590568977251] 0.000000000000000 
[2.254837220934079, 48.842599684255056] 0.000000000000000 [2.254703010533484, 48.842762644543313] 0.000000000000000 
[2.252218433779992, 48.838551382965285] 0.000000000000000 [2.251940724245592, 48.838606283851625] 0.000000000000000 [2.251863245234396, 48.838655389973049] 0.000000000000000 
[2.255280748562508, 48.837090318801422] 0.000000000000000 [2.255366840542397, 48.837010614192714] 0.000000000000000 [2.255625988366384, 48.836818713687130] 0.000000000000000 [2.255776941238712, 48.836728263717184] 0.000000000000000 
[2.256283876301303, 48.836885284824533] 0.000000000000000 [2.256455870378828, 48.837016547862405] 0.000000000000000 
[2.253567927382388, 48.839918851948582] 0.000000000000000 [2.253758599258284, 48.839001513592891] 0.000000000000000 
[2.256479554359662, 48.839514024519715] 0.000000000000000 [2.256561588978610, 48.839349541420013] 0.000000000000000 
[2.254857579989267, 48.847930886747726] 0.000000000000000 [2.254228486633621, 48.847939605793911] 0.000000000000000 
[2.252408706228965, 48.849240237927539] 0.000000000000000 [2.252558948352346, 48.849032176268345] 0.000000000000000 [2.252949759965530, 48.848532457106920] 0.000000000000000 [2.253350010146937, 48.848095341944337] 0.000000000000000 
[2.254821873997028, 48.845194489566104] 0.000000000000000 [2.254352532907673, 48.843756496766744] 0.000000000000000 
[2.253644770611996, 48.836766639649703] 0.000000000000000 [2.253484293503215, 48.836758707607338] 0.000000000000000 
[2.253591110207915, 48.848093143655873] 0.000000000000000 [2.253350010146937, 48.848095341944337] 0.000000000000000 
[2.256158294824707, 48.836981958594627] 0.000000000000000 [2.255961628060724, 48.837128437344226] 0.000000000000000 [2.255471540256049, 48.837546036986659] 0.000000000000000 [2.255044102707160, 48.838093470985783] 0.000000000000000 [2.255003433622314, 48.838136814042244] 0.000000000000000 
[2.255003433622314, 48.838136814042244] 0.000000000000000 [2.254855543671828, 48.838357633057214] 0.000000000000000 
[2.245943305397793, 48.848443050837247] 0.000000000000000 [2.243708709315605, 48.848456052169020] 0.000000000000000 [2.243298984170821, 48.848458667008288] 0.000000000000000 
[2.253428681835102, 48.848698481222840] 0.000000000000000 [2.253200177011683, 48.848954131204664] 0.000000000000000 [2.252912189087745, 48.849155178349712] 0.000000000000000 
[2.256268793710414, 48.840255157684112] 0.000000000000000 [2.256232111200407, 48.840176346804071] 0.000000000000000 [2.256235854557841, 48.840043688113809] 0.000000000000000 [2.256250566768404, 48.839977628817721] 0.000000000000000 
[2.254368010725721, 48.838660067944190] 0.000000000000000 [2.254165252911304, 48.838677547776051] 0.000000000000000 
[2.254165252911304, 48.838677547776051] 0.000000000000000 [2.254236277104759, 48.838485603376036] 0.000000000000000 [2.254280685752497, 48.838405690103720] 0.000000000000000 
[2.254791450084280, 48.841605502404654] 0.000000000000000 [2.254769547837663, 48.841387798601332] 0.000000000000000 [2.254862438321171, 48.841354052670063] 0.000000000000000 
[2.254209681378089, 48.847039470843072] 0.000000000000000 [2.254126004312653, 48.846958592391374] 0.000000000000000 [2.254071691929791, 48.846844884728057] 0.000000000000000 [2.254081328280821, 48.846695171094694] 0.000000000000000 [2.254181223874105, 48.846527609167318] 0.000000000000000 [2.254426919014075, 48.846264388764688] 0.000000000000000 [2.254703654498888, 48.845767828172519] 0.000000000000000 [2.254918650073329, 48.845444431885880] 0.000000000000000 
[2.253804705453434, 48.848095673993704] 0.000000000000000 [2.253842080053187, 48.848154072812669] 0.000000000000000 [2.253629795861747, 48.848319736106333] 0.000000000000000 [2.253394343418776, 48.848560570175103] 0.000000000000000 [2.253120444219081, 48.848885188039510] 0.000000000000000 [2.252912189087745, 48.849155178349712] 0.000000000000000 
[2.256120044146082, 48.841458068511550] 0.000000000000000 [2.254862438321171, 48.841354052670063] 0.000000000000000 
[2.256250566768404, 48.839977628817721] 0.000000000000000 [2.256303136306202, 48.839862198997302] 0.000000000000000 [2.256479554359662, 48.839514024519715] 0.000000000000000 
[2.256493960953416, 48.836611594727614] 0.000000000000000 [2.256520575917527, 48.836723825215856] 0.000000000000000 
[2.253888984514487, 48.840464657982650] 0.000000000000000 [2.253752938963367, 48.840324785000440] 0.000000000000000 [2.253674951335568, 48.840141212833473] 0.000000000000000 [2.253682739354430, 48.839923890712257] 0.000000000000000 
[2.255726582456459, 48.839871287085074] 0.000000000000000 [2.255501831871147, 48.839796936632304] 0.000000000000000 [2.254683139330790, 48.839982195528769] 0.000000000000000 [2.254590621606984, 48.839973082185480] 0.000000000000000 
[2.256477758555135, 48.838299218471747] 0.000000000000000 [2.256298165066580, 48.838306466201992] 0.000000000000000 [2.255673877254607, 48.838366841739642] 0.000000000000000 
[2.253981574180308, 48.842619840451867] 0.000000000000000 [2.251777428378156, 48.842373715451743] 0.000000000000000 [2.251648043098973, 48.842363322406499] 0.000000000000000 
[2.248988289199311, 48.848201278820277] 0.000000000000000 [2.248941013532124, 48.848012737038530] 0.000000000000000 
[2.254629679773981, 48.841068517518472] 0.000000000000000 [2.254446035185581, 48.840900310850422] 0.000000000000000 [2.254590621606984, 48.839973082185480] 0.000000000000000 
[2.256479554359662, 48.839514024519715] 0.000000000000000 [2.256019420949593, 48.839411874423412] 0.000000000000000 
[2.253111151937733, 48.847955096538549] 0.000000000000000 [2.252586230075461, 48.847962362600320] 0.000000000000000 
[2.255593904612708, 48.845192433735740] 0.000000000000000 [2.255711648513764, 48.845119712071224] 0.000000000000000 [2.255350723294906, 48.844262552326754] 0.000000000000000 
[2.254229353209573, 48.842649605895375] 0.000000000000000 [2.253981574180308, 48.842619840451867] 0.000000000000000 
[2.256357681981868, 48.845398431325542] 0.000000000000000 [2.257524748704552, 48.845354175884239] 0.000000000000000 
[2.255097017262402, 48.843689253424550] 0.000000000000000 [2.254889008475501, 48.843656263282448] 0.000000000000000 [2.254557103280614, 48.843718272175963] 0.000000000000000 
[2.251713727097849, 48.839252892019452] 0.000000000000000 [2.251405206873775, 48.842099383110757] 0.000000000000000 
[2.256357681981868, 48.845398431325542] 0.000000000000000 [2.255814247923425, 48.845419036514414] 0.000000000000000 
[2.254862438321171, 48.841354052670063] 0.000000000000000 [2.254778874796116, 48.841308587743882] 0.000000000000000 [2.254629679773981, 48.841068517518472] 0.000000000000000 
[2.255951850491406, 48.836490349626544] 0.000000000000000 [2.256018983352533, 48.836582393038540] 0.000000000000000 
[2.255308223935836, 48.838477983432760] 0.000000000000000 [2.255201250372540, 48.838330605864655] 0.000000000000000 
[2.254165252911304, 48.838677547776051] 0.000000000000000 [2.254007743321902, 48.838691282058647] 0.000000000000000 
[2.242141010955903, 48.848447794000123] 0.000000000000000 [2.241967666345420, 48.848352281878846] 0.000000000000000 [2.241883467301180, 48.848318552662086] 0.000000000000000 [2.241806358003839, 48.848311374519454] 0.000000000000000 
[2.255776941238712, 48.836728263717184] 0.000000000000000 [2.256018983352533, 48.836582393038540] 0.000000000000000 
[2.255366641060679, 48.845431127809292] 0.000000000000000 [2.255086113555524, 48.845438706072947] 0.000000000000000 
[2.255003433622314, 48.838136814042244] 0.000000000000000 [2.254889625041382, 48.838195284094319] 0.000000000000000 [2.254750190484701, 48.838220148395045] 0.000000000000000 [2.254595166728338, 48.838207266618078] 0.000000000000000 
[2.251418337979921, 48.842195858280370] 0.000000000000000 [2.251379285158641, 48.842500090272480] 0.000000000000000 
[2.248941013532124, 48.848012737038530] 0.000000000000000 [2.246600950430493, 48.848023664170690] 0.000000000000000 
[2.256018983352533, 48.836582393038540] 0.000000000000000 [2.256105567510026, 48.836700708558013] 0.000000000000000 
[2.252613906366373, 48.849238951352959] 0.000000000000000 [2.252408706228965, 48.849240237927539] 0.000000000000000 
[2.255593904612708, 48.845192433735740] 0.000000000000000 [2.255463162015064, 48.845348140199576] 0.000000000000000 [2.255366641060679, 48.845431127809292] 0.000000000000000 
[2.256096191164511, 48.842470456380092] 0.000000000000000 [2.256049868398305, 48.842135353563464] 0.000000000000000 [2.256120044146082, 48.841458068511550] 0.000000000000000 
[2.242710811765779, 48.847994175378382] 0.000000000000000 [2.242334047884239, 48.847847650750040] 0.000000000000000 
[2.242141010955903, 48.848447794000123] 0.000000000000000 [2.242230687522563, 48.848482157601360] 0.000000000000000 [2.242178235577850, 48.848541772807806] 0.000000000000000 [2.242159094603085, 48.848604553420266] 0.000000000000000 [2.242056729517583, 48.848921813808218] 0.000000000000000 
[2.251294329351460, 48.847980242454945] 0.000000000000000 [2.251274750985218, 48.847955497926023] 0.000000000000000 [2.251229758089958, 48.847892425145169] 0.000000000000000 [2.251189808833116, 48.847827827103956] 0.000000000000000 [2.251155858525019, 48.847761794327354] 0.000000000000000 [2.251127904548234, 48.847694507577017] 0.000000000000000 [2.251106779782173, 48.847626326421832] 0.000000000000000 [2.251090670582298, 48.847557430178568] 0.000000000000000 [2.251111753677846, 48.847184246748036] 0.000000000000000 [2.251125992218303, 48.846829042807641] 0.000000000000000 [2.251114381646300, 48.846687497539541] 0.000000000000000 [2.251092415551132, 48.846546464823589] 0.000000000000000 [2.251061196129569, 48.846406154811248] 0.000000000000000 [2.251045069780965, 48.846347869139478] 0.000000000000000 [2.250990024389150, 48.846196929566354] 0.000000000000000 [2.250855068138356, 48.845911577888010] 0.000000000000000 [2.250770976537029, 48.845768079321253] 0.000000000000000 [2.250676620816257, 48.845626642497088] 0.000000000000000 
[2.255086113555524, 48.845438706072947] 0.000000000000000 [2.254918650073329, 48.845444431885880] 0.000000000000000 
[2.254479954667109, 48.842645443405786] 0.000000000000000 [2.254229353209573, 48.842649605895375] 0.000000000000000 
[2.256357681981868, 48.845398431325542] 0.000000000000000 [2.255593904612708, 48.845192433735740] 0.000000000000000 
[2.253014919493982, 48.837307920978475] 0.000000000000000 [2.253127935879760, 48.837356285574863] 0.000000000000000 
[2.243266588481863, 48.848288299723031] 0.000000000000000 [2.242783756427931, 48.848293568475746] 0.000000000000000 
[2.249448451280908, 48.848200966523834] 0.000000000000000 [2.249749247084850, 48.848160099880637] 0.000000000000000 [2.250207296127049, 48.848191922933310] 0.000000000000000 [2.251068959707012, 48.848294199840609] 0.000000000000000 [2.251515960837074, 48.848333194916407] 0.000000000000000 [2.251534118957467, 48.848344314079760] 0.000000000000000 [2.251562687931496, 48.848347492193945] 0.000000000000000 [2.251591324251438, 48.848350346050772] 0.000000000000000 [2.251620044384180, 48.848352867658789] 0.000000000000000 [2.251648804609656, 48.848355064838870] 0.000000000000000 [2.251677633774437, 48.848356921582749] 0.000000000000000 [2.251706504522534, 48.848358444914261] 0.000000000000000 [2.251735416853396, 48.848359634833308] 0.000000000000000 [2.251764343488416, 48.848360492968091] 0.000000000000000 [2.251793297936954, 48.848361027497305] 0.000000000000000 [2.251822266843592, 48.848361219450794] 0.000000000000000 [2.251851221437970, 48.848361079440984] 0.000000000000000 [2.251880178225733, 48.848360596778647] 0.000000000000000 [2.251909120571120, 48.848359791145995] 0.000000000000000 [2.251938024088529, 48.848358652497375] 0.000000000000000 [2.251966913420553, 48.848357172892683] 0.000000000000000 [2.251995735192555, 48.848355368186795] 0.000000000000000 [2.252024516759389, 48.848353231355894] 0.000000000000000 [2.252053244507509, 48.848350761415439] 0.000000000000000 [2.252081891171037, 48.848347959094504] 0.000000000000000 [2.252110470375751, 48.848344824478232] 0.000000000000000 [2.252138954765551, 48.848341364590674] 0.000000000000000 [2.252167344301307, 48.848337582129680] 0.000000000000000 [2.252195639137267, 48.848333466303977] 0.000000000000000 [2.252223796890216, 48.848329026741695] 0.000000000000000 [2.252251847537035, 48.848324263630303] 0.000000000000000 [2.252279776101398, 48.848319175976947] 0.000000000000000 [2.252307555175780, 48.848313774402811] 0.000000000000000 [2.252335184914655, 48.848308048116508] 0.000000000000000 [2.252362665175633, 48.848302007010382] 0.000000000000000 [2.252389982448286, 48.848295642905761] 0.000000000000000 [2.252417136499944, 48.848288971989874] 0.000000000000000 [2.252444072929117, 48.848281986728018] 0.000000000000000 [2.252470847357104, 48.848274704555870] 0.000000000000000 [2.252497430322260, 48.848267089314710] 0.000000000000000 [2.252523796652282, 48.848259185815813] 0.000000000000000 [2.252549958726378, 48.848250986042331] 0.000000000000000 [2.252575889562892, 48.848242470939098] 0.000000000000000 [2.252601588890610, 48.848233659391298] 0.000000000000000 [2.252627071581950, 48.848224559586328] 0.000000000000000 [2.252652309150579, 48.848215162352631] 0.000000000000000 [2.252677261939046, 48.848205477335739] 0.000000000000000 [2.252701981597069, 48.848195513852104] 0.000000000000000 [2.252726417720782, 48.848185270687715] 0.000000000000000 [2.252750593719423, 48.848174730900880] 0.000000000000000 [2.252774484678814, 48.848163921317209] 0.000000000000000 [2.252798075739223, 48.848152832850431] 0.000000000000000 [2.252821381631265, 48.848141483580029] 0.000000000000000 [2.252844375115457, 48.848129872436687] 0.000000000000000 [2.252867082455147, 48.848117973502909] 0.000000000000000 [2.252889436224997, 48.848105832225599] 0.000000000000000 [2.252911476095167, 48.848093438060225] 0.000000000000000 [2.252933189905278, 48.848080783736087] 0.000000000000000 [2.252954563797152, 48.848067885355434] 0.000000000000000 [2.252961561398055, 48.848063511352997] 0.000000000000000 
[2.253428681835102, 48.848698481222840] 0.000000000000000 [2.253601495885944, 48.848481585146466] 0.000000000000000 [2.253906526152125, 48.848156826570708] 0.000000000000000 [2.254030316974835, 48.848058904545503] 0.000000000000000 
[2.251863245234396, 48.838655389973049] 0.000000000000000 [2.251779259646234, 48.838773348421974] 0.000000000000000 [2.251756201865300, 48.838841244657289] 0.000000000000000 [2.251713727097849, 48.839252892019452] 0.000000000000000 
[2.256352565079925, 48.842997702722350] 0.000000000000000 [2.256105372437572, 48.843108229358769] 0.000000000000000 [2.255333893087838, 48.843649773478404] 0.000000000000000 
[2.254516502078187, 48.847204736312392] 0.000000000000000 [2.254275646270441, 48.847103213778041] 0.000000000000000 
[2.254492692022402, 48.838388037479419] 0.000000000000000 [2.254418495859198, 48.838522155805578] 0.000000000000000 [2.254368010725721, 48.838660067944190] 0.000000000000000 
[2.255350723294906, 48.844262552326754] 0.000000000000000 [2.255580788450413, 48.844214865914068] 0.000000000000000 
[2.252207656629554, 48.844662423453052] 0.000000000000000 [2.251839984524638, 48.843923241937603] 0.000000000000000 
[2.254901278454967, 48.846716265028519] 0.000000000000000 [2.254516502078187, 48.847204736312392] 0.000000000000000 
[2.254433588996917, 48.838137276591056] 0.000000000000000 [2.254368107584030, 48.838100898789023] 0.000000000000000 [2.254232906426146, 48.837981197099737] 0.000000000000000 
[2.256185491618449, 48.836810207365474] 0.000000000000000 [2.256283876301303, 48.836885284824533] 0.000000000000000 
[2.254228486633621, 48.847939605793911] 0.000000000000000 [2.254508385128661, 48.847588676480164] 0.000000000000000 [2.254737434950779, 48.847200569963768] 0.000000000000000 
[2.242710811765779, 48.847994175378382] 0.000000000000000 [2.242811851434690, 48.848171955534099] 0.000000000000000 [2.242795431525374, 48.848280304725854] 0.000000000000000 [2.242783756427931, 48.848293568475746] 0.000000000000000 
[2.254292504560519, 48.839950672514178] 0.000000000000000 [2.254292560221395, 48.839950115248982] 0.000000000000000 [2.254399275484713, 48.839267731440557] 0.000000000000000 [2.254453315556491, 48.839049066838378] 0.000000000000000 [2.254573793969071, 48.838773615043259] 0.000000000000000 [2.254687374110642, 48.838632331196884] 0.000000000000000 
[2.253084301901667, 48.848096595576187] 0.000000000000000 [2.253187492926207, 48.847998740065933] 0.000000000000000 [2.253467709039071, 48.847950150358521] 0.000000000000000 
[2.251648043098973, 48.842363322406499] 0.000000000000000 [2.251379285158641, 48.842500090272480] 0.000000000000000 
[2.254289410885534, 48.836769913814116] 0.000000000000000 [2.254145536587715, 48.836764431741393] 0.000000000000000 [2.253922935217524, 48.836783263287352] 0.000000000000000 [2.253765666237734, 48.836746422270529] 0.000000000000000 [2.253644770611996, 48.836766639649703] 0.000000000000000 
[2.255580788450413, 48.844214865914068] 0.000000000000000 [2.255333893087838, 48.843649773478404] 0.000000000000000 
[2.253084301901667, 48.848096595576187] 0.000000000000000 [2.252961561398055, 48.848063511352997] 0.000000000000000 
[2.254613153090332, 48.846658630219160] 0.000000000000000 [2.254838867029499, 48.845895083137613] 0.000000000000000 [2.254918650073329, 48.845444431885880] 0.000000000000000 
[2.254590621606984, 48.839973082185480] 0.000000000000000 [2.254509146743773, 48.839960181073685] 0.000000000000000 [2.254292504560519, 48.839950672514178] 0.000000000000000 
[2.253644770611996, 48.836766639649703] 0.000000000000000 [2.253127935879760, 48.837356285574863] 0.000000000000000 
[2.254791450084280, 48.841605502404654] 0.000000000000000 [2.254914278561992, 48.841419763601948] 0.000000000000000 [2.254862438321171, 48.841354052670063] 0.000000000000000 
[2.253893264721803, 48.839933134683911] 0.000000000000000 [2.253682739354430, 48.839923890712257] 0.000000000000000 
[2.254280685752497, 48.838405690103720] 0.000000000000000 [2.254396025150238, 48.838197141445136] 0.000000000000000 [2.254433588996917, 48.838137276591056] 0.000000000000000 
[2.248980062393893, 48.848368835254689] 0.000000000000000 [2.248988289199311, 48.848201278820277] 0.000000000000000 
[2.256185491618449, 48.836810207365474] 0.000000000000000 [2.255989360757685, 48.836954222520902] 0.000000000000000 
[2.255989360757685, 48.836954222520902] 0.000000000000000 [2.256158294824707, 48.836981958594627] 0.000000000000000 
[2.253930487143057, 48.837065964773515] 0.000000000000000 [2.253880390457954, 48.836987151984872] 0.000000000000000 [2.253824892174501, 48.836897183777054] 0.000000000000000 [2.253698341241944, 48.836852757386126] 0.000000000000000 [2.253644770611996, 48.836766639649703] 0.000000000000000 
[2.254030316974835, 48.848058904545503] 0.000000000000000 [2.253804705453434, 48.848095673993704] 0.000000000000000 
[2.256364923647014, 48.836377781974470] 0.000000000000000 [2.256435433071324, 48.836505169182601] 0.000000000000000 
[2.252586230075461, 48.847962362600320] 0.000000000000000 [2.251294329351460, 48.847980242454945] 0.000000000000000 
[2.255097017262402, 48.843689253424550] 0.000000000000000 [2.254717957224797, 48.842795101568356] 0.000000000000000 [2.254703010533484, 48.842762644543313] 0.000000000000000 
[2.255951850491406, 48.836490349626544] 0.000000000000000 [2.255296891749355, 48.836633947792706] 0.000000000000000 
[2.252961561398055, 48.848063511352997] 0.000000000000000 [2.252975597616147, 48.848054753709924] 0.000000000000000 [2.252996276773100, 48.848041360828198] 0.000000000000000 [2.253016602243977, 48.848027733697556] 0.000000000000000 [2.253036560273755, 48.848013881226024] 0.000000000000000 [2.253056137223758, 48.847999804227932] 0.000000000000000 [2.253111151937733, 48.847955096538549] 0.000000000000000 
[2.256356202982414, 48.840003934822093] 0.000000000000000 [2.256250566768404, 48.839977628817721] 0.000000000000000 
[2.251839984524638, 48.843923241937603] 0.000000000000000 [2.251334456052322, 48.842906943089631] 0.000000000000000 [2.251379285158641, 48.842500090272480] 0.000000000000000 
[2.252207656629554, 48.844662423453052] 0.000000000000000 [2.252078101228491, 48.844635663115127] 0.000000000000000 
[2.242141010955903, 48.848447794000123] 0.000000000000000 [2.242068944983361, 48.848475746746871] 0.000000000000000 [2.242054364501024, 48.848632721951539] 0.000000000000000 [2.242056729517583, 48.848921813808218] 0.000000000000000 
[2.245291343368171, 48.848848975525343] 0.000000000000000 [2.244812201238679, 48.848727269668650] 0.000000000000000 [2.243359508157676, 48.848590568977251] 0.000000000000000 
[2.243266588481863, 48.848288299723031] 0.000000000000000 [2.243712766834818, 48.848283421490528] 0.000000000000000 [2.245020658517074, 48.848267214606018] 0.000000000000000 [2.245835258899665, 48.848267866221178] 0.000000000000000 [2.246102613828893, 48.848268078947235] 0.000000000000000 
[2.255918070440657, 48.836813713729086] 0.000000000000000 [2.255830448531325, 48.836746916929869] 0.000000000000000 [2.255776941238712, 48.836728263717184] 0.000000000000000 
[2.254228486633621, 48.847939605793911] 0.000000000000000 [2.253725802118936, 48.847946579273533] 0.000000000000000 
[2.255086113555524, 48.845438706072947] 0.000000000000000 [2.255067880909944, 48.845920336354439] 0.000000000000000 [2.254901278454967, 48.846716265028519] 0.000000000000000 
[2.254007743321902, 48.838691282058647] 0.000000000000000 [2.253690176218755, 48.838631006317172] 0.000000000000000 [2.253373928421720, 48.838571702090320] 0.000000000000000 [2.252484102011879, 48.838631515810512] 0.000000000000000 
[2.245943305397793, 48.848443050837247] 0.000000000000000 [2.245602464140735, 48.848754701684157] 0.000000000000000 [2.245475367354527, 48.848810085548799] 0.000000000000000 [2.245291343368171, 48.848848975525343] 0.000000000000000 
[2.255673877254607, 48.838366841739642] 0.000000000000000 [2.255308223935836, 48.838477983432760] 0.000000000000000 
[2.242783756427931, 48.848293568475746] 0.000000000000000 [2.242631005236051, 48.848431868883672] 0.000000000000000 
[2.254275646270441, 48.847103213778041] 0.000000000000000 [2.254613153090332, 48.846658630219160] 0.000000000000000 
[2.254531867396631, 48.845422525835211] 0.000000000000000 [2.252614432471509, 48.845481217901472] 0.000000000000000 
[2.254687374110642, 48.838632331196884] 0.000000000000000 [2.254368010725721, 48.838660067944190] 0.000000000000000 
[2.256520575917527, 48.836723825215856] 0.000000000000000 [2.256615749533745, 48.837024456902910] 0.000000000000000 
[2.251405206873775, 48.842099383110757] 0.000000000000000 [2.251418337979921, 48.842195858280370] 0.000000000000000 
[2.242555793509177, 48.848472912108420] 0.000000000000000 [2.244671750265566, 48.850471482883187] 0.000000000000000 [2.246063777054578, 48.851699579512328] 0.000000000000000 [2.246683780938212, 48.852169213974982] 0.000000000000000 [2.247668530785945, 48.852818778772438] 0.000000000000000 
[2.252408706228965, 48.849240237927539] 0.000000000000000 [2.252033150639954, 48.849242208539287] 0.000000000000000 [2.251629503156712, 48.849185253791624] 0.000000000000000 [2.251261016173125, 48.849055033104541] 0.000000000000000 [2.250422905745896, 48.848634709890909] 0.000000000000000 [2.250124063108371, 48.848577478421170] 0.000000000000000 
[2.256019420949593, 48.839411874423412] 0.000000000000000 [2.255920571647049, 48.839460275505033] 0.000000000000000 [2.255726582456459, 48.839871287085074] 0.000000000000000 
[2.256435433071324, 48.836505169182601] 0.000000000000000 [2.256493960953416, 48.836611594727614] 0.000000000000000 
[2.246600950430493, 48.848023664170690] 0.000000000000000 [2.246325853881773, 48.848092510379622] 0.000000000000000 [2.246199688655577, 48.848161475071954] 0.000000000000000 [2.246102613828893, 48.848268078947235] 0.000000000000000 
[2.255593904612708, 48.845192433735740] 0.000000000000000 [2.255449106645869, 48.845095073412573] 0.000000000000000 [2.255272683892026, 48.844691793057812] 0.000000000000000 [2.254977870141594, 48.844003087245561] 0.000000000000000 
[2.254703010533484, 48.842762644543313] 0.000000000000000 [2.254479954667109, 48.842645443405786] 0.000000000000000 
[2.251405206873775, 48.842099383110757] 0.000000000000000 [2.251310663629174, 48.842085544576008] 0.000000000000000 
[2.253111151937733, 48.847955096538549] 0.000000000000000 [2.253768145405670, 48.847388384248397] 0.000000000000000 [2.254209681378089, 48.847039470843072] 0.000000000000000 
[2.256561588978610, 48.839349541420013] 0.000000000000000 [2.256882244587231, 48.838706640686482] 0.000000000000000 [2.256999310254722, 48.838426868031661] 0.000000000000000 
[2.252924860873654, 48.848260254568011] 0.000000000000000 [2.252923490515144, 48.848095389164726] 0.000000000000000 [2.252961561398055, 48.848063511352997] 0.000000000000000 
[2.256268793710414, 48.840255157684112] 0.000000000000000 [2.256341368377234, 48.840204346365290] 0.000000000000000 [2.256356202982414, 48.840003934822093] 0.000000000000000 
[2.252512316361127, 48.849362796300561] 0.000000000000000 [2.252615949404613, 48.849568546149605] 0.000000000000000 [2.252659986205374, 48.849715511552006] 0.000000000000000 [2.252645197259632, 48.849911363292392] 0.000000000000000 [2.252442612941195, 48.850448855037705] 0.000000000000000 [2.252398597461849, 48.850689953688061] 0.000000000000000 [2.252204623424686, 48.851057254867108] 0.000000000000000 
[2.255201250372540, 48.838330605864655] 0.000000000000000 [2.254855543671828, 48.838357633057214] 0.000000000000000 
[2.253127935879760, 48.837356285574863] 0.000000000000000 [2.252431041122553, 48.838156776010806] 0.000000000000000 
[2.252484102011879, 48.838631515810512] 0.000000000000000 [2.252000783218977, 48.838681499184894] 0.000000000000000 [2.251863245234396, 48.838655389973049] 0.000000000000000 
[2.245943305397793, 48.848443050837247] 0.000000000000000 [2.245446957436647, 48.848557726185788] 0.000000000000000 [2.243359508157676, 48.848590568977251] 0.000000000000000 
[2.246600950430493, 48.848023664170690] 0.000000000000000 [2.246115614713208, 48.848020590739715] 0.000000000000000 
[2.254352532907673, 48.843756496766744] 0.000000000000000 [2.254250738125651, 48.843775515305822] 0.000000000000000 [2.253958925573903, 48.843905536496976] 0.000000000000000 [2.253036414205602, 48.843957138269886] 0.000000000000000 [2.252342353765931, 48.843901276708053] 0.000000000000000 [2.252058144382988, 48.843922595099592] 0.000000000000000 [2.251839984524638, 48.843923241937603] 0.000000000000000 
[2.256120044146082, 48.841458068511550] 0.000000000000000 [2.256268793710414, 48.840255157684112] 0.000000000000000 
[2.255726582456459, 48.839871287085074] 0.000000000000000 [2.256250566768404, 48.839977628817721] 0.000000000000000 
[2.253467709039071, 48.847950150358521] 0.000000000000000 [2.253111151937733, 48.847955096538549] 0.000000000000000 
[2.256455870378828, 48.837016547862405] 0.000000000000000 [2.256674961665711, 48.837400054611201] 0.000000000000000 [2.256789376659792, 48.837479001404787] 0.000000000000000 
[2.254516502078187, 48.847204736312392] 0.000000000000000 [2.253725802118936, 48.847946579273533] 0.000000000000000 
[2.254289410885534, 48.836769913814116] 0.000000000000000 [2.254218327820310, 48.836835410259717] 0.000000000000000 [2.254080050056829, 48.836912576173070] 0.000000000000000 [2.253995474981940, 48.837004968749483] 0.000000000000000 [2.253930487143057, 48.837065964773515] 0.000000000000000 
[2.255054559871284, 48.841092114181173] 0.000000000000000 [2.254629679773981, 48.841068517518472] 0.000000000000000 
[2.252408706228965, 48.849240237927539] 0.000000000000000 [2.252323927922336, 48.849014187321501] 0.000000000000000 [2.252479245563755, 48.848777082687150] 0.000000000000000 [2.252724224911832, 48.848466194331209] 0.000000000000000 [2.252924860873654, 48.848260254568011] 0.000000000000000 
[2.256330164202335, 48.836315527733177] 0.000000000000000 [2.255951850491406, 48.836490349626544] 0.000000000000000 
[2.255006716244676, 48.845184163913444] 0.000000000000000 [2.255593904612708, 48.845192433735740] 0.000000000000000 
[2.242631005236051, 48.848431868883672] 0.000000000000000 [2.242141010955903, 48.848447794000123] 0.000000000000000 
[2.242141010955903, 48.848447794000123] 0.000000000000000 [2.241863806714493, 48.848260883747585] 0.000000000000000 
[2.255399524869778, 48.838603758358161] 0.000000000000000 [2.255227721139367, 48.838770218133284] 0.000000000000000 [2.254694693240280, 48.839314086111571] 0.000000000000000 
[2.256364923647014, 48.836377781974470] 0.000000000000000 [2.256535370599777, 48.836277363008755] 0.000000000000000 [2.256704178810193, 48.836177931920425] 0.000000000000000 [2.257066306600415, 48.835994014221313] 0.000000000000000 
[2.254084668327137, 48.840601220644849] 0.000000000000000 [2.254229353209573, 48.842649605895375] 0.000000000000000 
[2.252912189087745, 48.849155178349712] 0.000000000000000 [2.252613906366373, 48.849238951352959] 0.000000000000000 
[2.253350010146937, 48.848095341944337] 0.000000000000000 [2.253467709039071, 48.847950150358521] 0.000000000000000 
[2.251648043098973, 48.842363322406499] 0.000000000000000 [2.251418337979921, 48.842195858280370] 0.000000000000000 
[2.255333893087838, 48.843649773478404] 0.000000000000000 [2.255097017262402, 48.843689253424550] 0.000000000000000 
[2.242783756427931, 48.848293568475746] 0.000000000000000 [2.241863806714493, 48.848260883747585] 0.000000000000000 
[2.250124063108371, 48.848577478421170] 0.000000000000000 [2.249604729898536, 48.848439943028495] 0.000000000000000 [2.248980062393893, 48.848368835254689] 0.000000000000000 
[2.246115614713208, 48.848020590739715] 0.000000000000000 [2.245624873435380, 48.848134129394168] 0.000000000000000 [2.245375201222339, 48.848173488735071] 0.000000000000000 [2.243653571491997, 48.848191575168535] 0.000000000000000 [2.243266588481863, 48.848288299723031] 0.000000000000000 
[2.254093339508411, 48.838421381697614] 0.000000000000000 [2.254232906426146, 48.837981197099737] 0.000000000000000 
[2.252648907578294, 48.838524588135108] 0.000000000000000 [2.252654422024169, 48.838437416411466] 0.000000000000000 [2.253151951674067, 48.838392818254164] 0.000000000000000 [2.253516290967820, 48.838320152916133] 0.000000000000000 [2.253782081168175, 48.838238602859924] 0.000000000000000 [2.254029123409653, 48.838124753825262] 0.000000000000000 [2.254232906426146, 48.837981197099737] 0.000000000000000 
[2.254232906426146, 48.837981197099737] 0.000000000000000 [2.254699539208620, 48.837454468237915] 0.000000000000000 [2.254821395091240, 48.837331714271961] 0.000000000000000 [2.254965636289593, 48.837181818813733] 0.000000000000000 [2.255280748562508, 48.837090318801422] 0.000000000000000 
[2.256356202982414, 48.840003934822093] 0.000000000000000 [2.256360762933357, 48.839955449126158] 0.000000000000000 [2.256536609815889, 48.839564783692133] 0.000000000000000 
[2.256477758555135, 48.838299218471747] 0.000000000000000 [2.256381936689441, 48.838162622835497] 0.000000000000000 
[2.246102613828893, 48.848268078947235] 0.000000000000000 [2.246455552645240, 48.848268358877824] 0.000000000000000 [2.247001161124854, 48.848239202770039] 0.000000000000000 [2.247457088709910, 48.848214893415090] 0.000000000000000 [2.248002679212648, 48.848195588811961] 0.000000000000000 [2.248988289199311, 48.848201278820277] 0.000000000000000 
[2.256096191164511, 48.842470456380092] 0.000000000000000 [2.254837220934079, 48.842599684255056] 0.000000000000000 
[2.253682739354430, 48.839923890712257] 0.000000000000000 [2.253567927382388, 48.839918851948582] 0.000000000000000 
[2.254644219077627, 48.845226196371073] 0.000000000000000 [2.254819330793929, 48.845340521537878] 0.000000000000000 [2.254918650073329, 48.845444431885880] 0.000000000000000 
[2.254644219077627, 48.845226196371073] 0.000000000000000 [2.254627579783219, 48.845359483679211] 0.000000000000000 [2.254531867396631, 48.845422525835211] 0.000000000000000 
[2.254855543671828, 48.838357633057214] 0.000000000000000 [2.254492692022402, 48.838388037479419] 0.000000000000000 
[2.256105567510026, 48.836700708558013] 0.000000000000000 [2.255918070440657, 48.836813713729086] 0.000000000000000 
[2.256018983352533, 48.836582393038540] 0.000000000000000 [2.256113480485439, 48.836525625695245] 0.000000000000000 [2.256364923647014, 48.836377781974470] 0.000000000000000 
[2.251379285158641, 48.842500090272480] 0.000000000000000 [2.251266891161123, 48.842496229165320] 0.000000000000000 
[2.249448451280908, 48.848200966523834] 0.000000000000000 [2.249869948125330, 48.848252097631537] 0.000000000000000 [2.250178232132794, 48.848293527681236] 0.000000000000000 [2.250540824038885, 48.848368793206355] 0.000000000000000 [2.250954584412071, 48.848482772902450] 0.000000000000000 [2.251248207877981, 48.848579854802232] 0.000000000000000 [2.251518769631813, 48.848681666266991] 0.000000000000000 [2.252089703718806, 48.849000075565058] 0.000000000000000 [2.252408706228965, 48.849240237927539] 0.000000000000000 
[2.256381936689441, 48.838162622835497] 0.000000000000000 [2.256245388278146, 48.838197634686303] 0.000000000000000 [2.255201250372540, 48.838330605864655] 0.000000000000000 
[2.254595166728338, 48.838207266618078] 0.000000000000000 [2.254552681160376, 48.838203729028400] 0.000000000000000 [2.254433588996917, 48.838137276591056] 0.000000000000000 
[2.254644219077627, 48.845226196371073] 0.000000000000000 [2.254413408572467, 48.845119780033968] 0.000000000000000 [2.252754305415870, 48.844782871594454] 0.000000000000000 [2.252207656629554, 48.844662423453052] 0.000000000000000 
[2.252302586968511, 48.838141366373257] 0.000000000000000 [2.252431041122553, 48.838156776010806] 0.000000000000000 
[2.252512316361127, 48.849362796300561] 0.000000000000000 [2.252370312463935, 48.849782383740539] 0.000000000000000 [2.252233055036046, 48.850365732873122] 0.000000000000000 [2.252187099705780, 48.850857701083712] 0.000000000000000 [2.252204623424686, 48.851057254867108] 0.000000000000000 
[2.253467709039071, 48.847950150358521] 0.000000000000000 [2.254275646270441, 48.847103213778041] 0.000000000000000 
[2.251713727097849, 48.839252892019452] 0.000000000000000 [2.251616951421026, 48.839209943104017] 0.000000000000000 
[2.243298984170821, 48.848458667008288] 0.000000000000000 [2.242631005236051, 48.848431868883672] 0.000000000000000 
[2.242141010955903, 48.848447794000123] 0.000000000000000 [2.241646163429881, 48.848450530379779] 0.000000000000000 
[2.253981574180308, 48.842619840451867] 0.000000000000000 [2.253888984514487, 48.840464657982650] 0.000000000000000 
[2.252613906366373, 48.849238951352959] 0.000000000000000 [2.252512316361127, 48.849362796300561] 0.000000000000000 
[2.254595166728338, 48.838207266618078] 0.000000000000000 [2.254573051613843, 48.838242771966094] 0.000000000000000 [2.254492692022402, 48.838388037479419] 0.000000000000000 
[2.256019420949593, 48.839411874423412] 0.000000000000000 [2.255399539598682, 48.838603776437346] 0.000000000000000 
[2.255296891749355, 48.836633947792706] 0.000000000000000 [2.254289410885534, 48.836769913814116] 0.000000000000000 
[2.252961561398055, 48.848063511352997] 0.000000000000000 [2.252586230075461, 48.847962362600320] 0.000000000000000 
[2.251294329351460, 48.847980242454945] 0.000000000000000 [2.248941013532124, 48.848012737038530] 0.000000000000000 
[2.252408706228965, 48.849240237927539] 0.000000000000000 [2.252512316361127, 48.849362796300561] 0.000000000000000 
[2.254492692022402, 48.838388037479419] 0.000000000000000 [2.254280685752497, 48.838405690103720] 0.000000000000000 
[2.255814247923425, 48.845419036514414] 0.000000000000000 [2.255366641060679, 48.845431127809292] 0.000000000000000 
[2.254229353209573, 48.842649605895375] 0.000000000000000 [2.254557103280614, 48.843718272175963] 0.000000000000000 
[2.255776941238712, 48.836728263717184] 0.000000000000000 [2.255674827640344, 48.836692849426377] 0.000000000000000 [2.255296891749355, 48.836633947792706] 0.000000000000000 
[2.255989360757685, 48.836954222520902] 0.000000000000000 [2.255870808335545, 48.837058462994207] 0.000000000000000 [2.255353352311428, 48.837510061921606] 0.000000000000000 [2.254991619348419, 48.837948389558591] 0.000000000000000 [2.254745416688678, 48.837967897675590] 0.000000000000000 
[2.256536609815889, 48.839564783692133] 0.000000000000000 [2.256606654343206, 48.839409186517457] 0.000000000000000 [2.256561588978610, 48.839349541420013] 0.000000000000000 
[2.254209681378089, 48.847039470843072] 0.000000000000000 [2.254613153090332, 48.846658630219160] 0.000000000000000 
[2.254737434950779, 48.847200569963768] 0.000000000000000 [2.254901278454967, 48.846716265028519] 0.000000000000000 
[2.252648907578294, 48.838524588135108] 0.000000000000000 [2.252218433779992, 48.838551382965285] 0.000000000000000 
[2.254687374110642, 48.838632331196884] 0.000000000000000 [2.254982842586102, 48.838620475243786] 0.000000000000000 [2.255308223935836, 48.838477983432760] 0.000000000000000 
[2.255308223935836, 48.838477983432760] 0.000000000000000 [2.255399539598682, 48.838603776437346] 0.000000000000000 
[2.254007743321902, 48.838691282058647] 0.000000000000000 [2.254093339508411, 48.838421381697614] 0.000000000000000 
[2.243764298952567, 48.848029939908713] 0.000000000000000 [2.243475440914287, 48.848103166063019] 0.000000000000000 [2.243333844830450, 48.848181017576024] 0.000000000000000 [2.243268136606263, 48.848269902131058] 0.000000000000000 [2.243266588481863, 48.848288299723031] 0.000000000000000 
[2.253725802118936, 48.847946579273533] 0.000000000000000 [2.253591110207915, 48.848093143655873] 0.000000000000000 
[2.254557103280614, 48.843718272175963] 0.000000000000000 [2.255006716244676, 48.845184163913444] 0.000000000000000 
[2.243359508157676, 48.848590568977251] 0.000000000000000 [2.243071844315358, 48.848527473589968] 0.000000000000000 [2.242764452185880, 48.848449793487212] 0.000000000000000 [2.242631005236051, 48.848431868883672] 0.000000000000000 
[2.254275646270441, 48.847103213778041] 0.000000000000000 [2.254209681378089, 48.847039470843072] 0.000000000000000 
[2.254093339508411, 48.838421381697614] 0.000000000000000 [2.252648907578294, 48.838524588135108] 0.000000000000000 
[2.248988289199311, 48.848201278820277] 0.000000000000000 [2.249448451280908, 48.848200966523834] 0.000000000000000 
[2.256105567510026, 48.836700708558013] 0.000000000000000 [2.256185491618449, 48.836810207365474] 0.000000000000000 
[2.256480872495584, 48.847904935663479] 0.000000000000000 [2.255739875536324, 48.847918656562221] 0.000000000000000 [2.254857579989267, 48.847930886747726] 0.000000000000000 
[2.242056729517583, 48.848921813808218] 0.000000000000000 [2.242159611462249, 48.848898014396120] 0.000000000000000 [2.242425152216174, 48.848958099285724] 0.000000000000000 [2.242489573359786, 48.849161064729074] 0.000000000000000 [2.242649461136963, 48.849830276797327] 0.000000000000000 [2.242826895775737, 48.850518837632308] 0.000000000000000 [2.242989665728089, 48.851211252286070] 0.000000000000000 [2.243161240199292, 48.851905607024214] 0.000000000000000 [2.243480961874584, 48.853294298462565] 0.000000000000000 [2.243552345160146, 48.853539742123623] 0.000000000000000 
[2.254083995758538, 48.839941511072645] 0.000000000000000 [2.253893264721803, 48.839933134683911] 0.000000000000000 
[2.256479554359662, 48.839514024519715] 0.000000000000000 [2.256536609815889, 48.839564783692133] 0.000000000000000 
[2.254590621606984, 48.839973082185480] 0.000000000000000 [2.254694693240280, 48.839314086111571] 0.000000000000000 
[2.255814247923425, 48.845419036514414] 0.000000000000000 [2.255593904612708, 48.845192433735740] 0.000000000000000 
[2.256480872495584, 48.847904935663479] 0.000000000000000 [2.255847773549337, 48.848071870399998] 0.000000000000000 [2.254643462082177, 48.848129103837771] 0.000000000000000 [2.254371814241252, 48.848179267822808] 0.000000000000000 [2.254101605993606, 48.848264772730033] 0.000000000000000 [2.253827217733652, 48.848412873929512] 0.000000000000000 [2.253428681835102, 48.848698481222840] 0.000000000000000 
[2.254737434950779, 48.847200569963768] 0.000000000000000 [2.254516502078187, 48.847204736312392] 0.000000000000000 
[2.254368010725721, 48.838660067944190] 0.000000000000000 [2.254282481037365, 48.838891300211550] 0.000000000000000 [2.254168617878386, 48.839274669382483] 0.000000000000000 [2.254115925766764, 48.839665816225143] 0.000000000000000 [2.254083996744061, 48.839941061391528] 0.000000000000000 [2.254083995758538, 48.839941511072645] 0.000000000000000 
[2.254557103280614, 48.843718272175963] 0.000000000000000 [2.254352532907673, 48.843756496766744] 0.000000000000000 
[2.254918650073329, 48.845444431885880] 0.000000000000000 [2.254821873997028, 48.845194489566104] 0.000000000000000 
[2.251839984524638, 48.843923241937603] 0.000000000000000 [2.251729265284669, 48.843925326715677] 0.000000000000000 
[2.252614432471509, 48.845481217901472] 0.000000000000000 [2.252207656629554, 48.844662423453052] 0.000000000000000 
[2.256435433071324, 48.836505169182601] 0.000000000000000 [2.256241123642846, 48.836619150616961] 0.000000000000000 [2.256105567510026, 48.836700708558013] 0.000000000000000 
[2.255054559871284, 48.841092114181173] 0.000000000000000 [2.254862438321171, 48.841354052670063] 0.000000000000000 
[2.253591110207915, 48.848093143655873] 0.000000000000000 [2.253118364379035, 48.848591123256639] 0.000000000000000 [2.252729180276498, 48.849088047074524] 0.000000000000000 [2.252613906366373, 48.849238951352959] 0.000000000000000 
[2.255989360757685, 48.836954222520902] 0.000000000000000 [2.255945281344276, 48.836834677488262] 0.000000000000000 [2.255918070440657, 48.836813713729086] 0.000000000000000 
[2.255726582456459, 48.839871287085074] 0.000000000000000 [2.255680476193881, 48.839998681679297] 0.000000000000000 [2.255054559871284, 48.841092114181173] 0.000000000000000 
[2.256330164202335, 48.836315527733177] 0.000000000000000 [2.256497197712588, 48.836219152779499] 0.000000000000000 [2.256521199959740, 48.836202775917513] 0.000000000000000 
[2.255918070440657, 48.836813713729086] 0.000000000000000 [2.255762072677259, 48.836907299186478] 0.000000000000000 [2.255516563635310, 48.837089228031090] 0.000000000000000 [2.255237822343838, 48.837347480983702] 0.000000000000000 [2.255151569592688, 48.837442292203669] 0.000000000000000 [2.255051806326850, 48.837551033295945] 0.000000000000000 [2.254792404722236, 48.837892931533389] 0.000000000000000 [2.254745416688678, 48.837967897675590] 0.000000000000000 
[2.254280685752497, 48.838405690103720] 0.000000000000000 [2.254093339508411, 48.838421381697614] 0.000000000000000 
[2.255350723294906, 48.844262552326754] 0.000000000000000 [2.255097017262402, 48.843689253424550] 0.000000000000000 
[2.256615749533745, 48.837024456902910] 0.000000000000000 [2.256856317799099, 48.837328392260282] 0.000000000000000 [2.256918429457038, 48.837418848864552] 0.000000000000000 
[2.252218433779992, 48.838551382965285] 0.000000000000000 [2.252484102011879, 48.838631515810512] 0.000000000000000 
[2.246115614713208, 48.848020590739715] 0.000000000000000 [2.243764298952567, 48.848029939908713] 0.000000000000000 
[2.248980062393893, 48.848368835254689] 0.000000000000000 [2.248686219561463, 48.848360119188435] 0.000000000000000 [2.248200431242236, 48.848364680735259] 0.000000000000000 [2.247624960945975, 48.848374088768594] 0.000000000000000 [2.247034489804499, 48.848413085980866] 0.000000000000000 [2.246615923290084, 48.848437423946727] 0.000000000000000 [2.245943305397793, 48.848443050837247] 0.000000000000000 
[2.254837220934079, 48.842599684255056] 0.000000000000000 [2.254650632387265, 48.842477509496987] 0.000000000000000 
[2.256283876301303, 48.836885284824533] 0.000000000000000 [2.256158294824707, 48.836981958594627] 0.000000000000000 
[2.254855543671828, 48.838357633057214] 0.000000000000000 [2.254687374110642, 48.838632331196884] 0.000000000000000 
[2.246102613828893, 48.848268078947235] 0.000000000000000 [2.245943305397793, 48.848443050837247] 0.000000000000000 
[2.252614432471509, 48.845481217901472] 0.000000000000000 [2.252495164190118, 48.845484861668993] 0.000000000000000 
[2.243764298952567, 48.848029939908713] 0.000000000000000 [2.242890464750121, 48.848032272873496] 0.000000000000000 [2.242710811765779, 48.847994175378382] 0.000000000000000 
[2.254030316974835, 48.848058904545503] 0.000000000000000 [2.254228486633621, 48.847939605793911] 0.000000000000000 
[2.253893264721803, 48.839933134683911] 0.000000000000000 [2.253893283108205, 48.839930041849662] 0.000000000000000 [2.253925212219507, 48.839655336350546] 0.000000000000000 [2.253979553633274, 48.839256815996379] 0.000000000000000 [2.254096824850184, 48.838864367463401] 0.000000000000000 [2.254165252911304, 48.838677547776051] 0.000000000000000 
[2.255673877254607, 48.838366841739642] 0.000000000000000 [2.255399524869778, 48.838603758358161] 0.000000000000000 
[2.254352532907673, 48.843756496766744] 0.000000000000000 [2.253981574180308, 48.842619840451867] 0.000000000000000 
[2.253644770611996, 48.836766639649703] 0.000000000000000 [2.253544871057171, 48.836687835206220] 0.000000000000000 
[2.256330164202335, 48.836315527733177] 0.000000000000000 [2.256364923647014, 48.836377781974470] 0.000000000000000 
[2.242631005236051, 48.848431868883672] 0.000000000000000 [2.242555793509177, 48.848472912108420] 0.000000000000000 
[2.252431041122553, 48.838156776010806] 0.000000000000000 [2.252240487251727, 48.838416588368993] 0.000000000000000 [2.252218433779992, 48.838551382965285] 0.000000000000000 
[2.254745416688678, 48.837967897675590] 0.000000000000000 [2.254595166728338, 48.838207266618078] 0.000000000000000 
[2.253888984514487, 48.840464657982650] 0.000000000000000 [2.253893264721803, 48.839933134683911] 0.000000000000000 
[2.254084668327137, 48.840601220644849] 0.000000000000000 [2.254258769982802, 48.840296168207793] 0.000000000000000 [2.254292504560519, 48.839950672514178] 0.000000000000000 
[2.254083995758538, 48.839941511072645] 0.000000000000000 [2.254084668327137, 48.840601220644849] 0.000000000000000 
[2.254433588996917, 48.838137276591056] 0.000000000000000 [2.254618796049887, 48.837840649243709] 0.000000000000000 [2.254885025192111, 48.837490212942171] 0.000000000000000 [2.254980558786676, 48.837385155565073] 0.000000000000000 [2.255077867124873, 48.837278391347631] 0.000000000000000 [2.255280748562508, 48.837090318801422] 0.000000000000000 
[2.256493960953416, 48.836611594727614] 0.000000000000000 [2.256185491618449, 48.836810207365474] 0.000000000000000 
[2.254292504560519, 48.839950672514178] 0.000000000000000 [2.254083995758538, 48.839941511072645] 0.000000000000000 
[2.253725802118936, 48.847946579273533] 0.000000000000000 [2.253467709039071, 48.847950150358521] 0.000000000000000 
[2.247958642032605, 48.846321129929308] 0.000000000000000 [2.248700086210485, 48.847602373117404] 0.000000000000000 [2.248941013532124, 48.848012737038530] 0.000000000000000 
[2.256520575917527, 48.836723825215856] 0.000000000000000 [2.256283876301303, 48.836885284824533] 0.000000000000000 
