[2.445151634349747, 48.833720041246032] 0.000000000000000 [2.444829339601619, 48.832312683483416] 0.000000000000000 [2.443836624162679, 48.827883722954624] 0.000000000000000 [2.443809741344972, 48.827669513646633] 0.000000000000000 
[2.457665895296247, 48.823789587568122] 0.000000000000000 [2.457689403182335, 48.824014418472025] 0.000000000000000 
[2.462787267678464, 48.826245981620588] 0.000000000000000 [2.464210038914886, 48.827006041924925] 0.000000000000000 [2.464347111702200, 48.827059305706008] 0.000000000000000 
[2.464783176430810, 48.826276194557003] 0.000000000000000 [2.464724964522454, 48.827034422169518] 0.000000000000000 [2.464639071844473, 48.827091326370194] 0.000000000000000 
[2.454652211125527, 48.826877857298911] 0.000000000000000 [2.454314807891607, 48.826862980627851] 0.000000000000000 [2.454115450379422, 48.827047977912919] 0.000000000000000 
[2.455792753627624, 48.835437992100516] 0.000000000000000 [2.455901327295417, 48.835268185140819] 0.000000000000000 [2.456042977146207, 48.835030988377255] 0.000000000000000 [2.456172774111102, 48.834850646301270] 0.000000000000000 [2.456327345818122, 48.834663246076005] 0.000000000000000 [2.456553227171330, 48.834447182367896] 0.000000000000000 [2.456817548465933, 48.834242408866686] 0.000000000000000 [2.457109933988476, 48.834039763214044] 0.000000000000000 [2.457302385518138, 48.833938390992628] 0.000000000000000 
[2.454534729838843, 48.835901346853134] 0.000000000000000 [2.455171493686524, 48.835863817379703] 0.000000000000000 [2.455328089782510, 48.835837036257068] 0.000000000000000 [2.455448821144291, 48.835795004008489] 0.000000000000000 [2.455764834908470, 48.835497733624123] 0.000000000000000 [2.455792753627624, 48.835437992100516] 0.000000000000000 
[2.461068597575905, 48.829837755199271] 0.000000000000000 [2.462024455857525, 48.830254899622361] 0.000000000000000 [2.464408704520992, 48.831298717040028] 0.000000000000000 
[2.461152716571517, 48.836073987118979] 0.000000000000000 [2.461866522520874, 48.836077909314994] 0.000000000000000 
[2.445035784857688, 48.833816823686298] 0.000000000000000 [2.444931738952095, 48.833935150127466] 0.000000000000000 
[2.463504964988204, 48.824568609809205] 0.000000000000000 [2.463546979564582, 48.824225363084317] 0.000000000000000 [2.463579918715212, 48.824164445571931] 0.000000000000000 [2.463662391642919, 48.824087285490236] 0.000000000000000 [2.463757609422139, 48.824040957068775] 0.000000000000000 [2.463865539914841, 48.824013498543430] 0.000000000000000 [2.463989045816453, 48.824005087296570] 0.000000000000000 [2.464105662743854, 48.824019166121481] 0.000000000000000 [2.464226571228096, 48.824060585954697] 0.000000000000000 [2.464323813154157, 48.824113885526046] 0.000000000000000 [2.464889487805860, 48.824615946615275] 0.000000000000000 [2.465040819297107, 48.824993724730547] 0.000000000000000 
[2.464783176430810, 48.826276194557003] 0.000000000000000 [2.464575298253259, 48.826988601349022] 0.000000000000000 [2.464639071844473, 48.827091326370194] 0.000000000000000 
[2.465885665954023, 48.826596352201783] 0.000000000000000 [2.465305463529634, 48.826425767868436] 0.000000000000000 [2.464783176430810, 48.826276194557003] 0.000000000000000 
[2.440781998723581, 48.826581225098657] 0.000000000000000 [2.438026184427612, 48.825600618976061] 0.000000000000000 [2.437632662707460, 48.825441895779264] 0.000000000000000 
[2.457922353752155, 48.823759558479146] 0.000000000000000 [2.457665895296247, 48.823789587568122] 0.000000000000000 
[2.444968499022005, 48.833982579457889] 0.000000000000000 [2.444785531700842, 48.834097428612672] 0.000000000000000 [2.443319122687837, 48.835258955361653] 0.000000000000000 [2.441880959120459, 48.836352362407681] 0.000000000000000 [2.436441648604870, 48.840256661077298] 0.000000000000000 
[2.440781998723581, 48.826581225098657] 0.000000000000000 [2.440298558807075, 48.827861245235887] 0.000000000000000 
[2.457689403182335, 48.824014418472025] 0.000000000000000 [2.457959497424834, 48.823957359468125] 0.000000000000000 
[2.461068597575905, 48.829837755199271] 0.000000000000000 [2.457124917795487, 48.832466004353137] 0.000000000000000 
[2.441386319391020, 48.824894620329189] 0.000000000000000 [2.440781998723581, 48.826581225098657] 0.000000000000000 
[2.465796003746037, 48.826369548983969] 0.000000000000000 [2.465583890271042, 48.826286407345556] 0.000000000000000 [2.465327333546873, 48.826176229546931] 0.000000000000000 [2.465085610275045, 48.826066025796834] 0.000000000000000 [2.464849245707392, 48.825947281757223] 0.000000000000000 
[2.457235889096305, 48.833563535257390] 0.000000000000000 [2.457302385518138, 48.833938390992628] 0.000000000000000 
[2.443154892034451, 48.824803414631120] 0.000000000000000 [2.442735658295665, 48.822997339770545] 0.000000000000000 
[2.464068858944442, 48.831631145743913] 0.000000000000000 [2.463033096870477, 48.832402573530445] 0.000000000000000 [2.462607444099598, 48.832788465399254] 0.000000000000000 [2.462132489736686, 48.833218878941224] 0.000000000000000 [2.461774190247263, 48.833607660645917] 0.000000000000000 [2.461492317847117, 48.834028966186139] 0.000000000000000 [2.461479656168617, 48.834135273786522] 0.000000000000000 
[2.454934963357695, 48.834064574198436] 0.000000000000000 [2.454792074460549, 48.834182293185300] 0.000000000000000 
[2.458503818432378, 48.833402674786761] 0.000000000000000 [2.458119020399558, 48.833410638872884] 0.000000000000000 [2.457718106396815, 48.833457467379887] 0.000000000000000 [2.457348848894966, 48.833526563346538] 0.000000000000000 [2.457235889096305, 48.833563535257390] 0.000000000000000 
[2.443809741344972, 48.827669513646633] 0.000000000000000 [2.442884481236459, 48.827333509723132] 0.000000000000000 [2.440781998723581, 48.826581225098657] 0.000000000000000 
[2.464546958202582, 48.827265988025644] 0.000000000000000 [2.464639071844473, 48.827091326370194] 0.000000000000000 
[2.465403973147735, 48.831473443308347] 0.000000000000000 [2.464068858944442, 48.831631145743913] 0.000000000000000 
[2.464546958202582, 48.827265988025644] 0.000000000000000 [2.464357697563957, 48.827279059970252] 0.000000000000000 
[2.444162172693695, 48.834027675772795] 0.000000000000000 [2.444931738952095, 48.833935150127466] 0.000000000000000 
[2.445151634349747, 48.833720041246032] 0.000000000000000 [2.445035784857688, 48.833816823686298] 0.000000000000000 
[2.461866522520874, 48.836077909314994] 0.000000000000000 [2.461892936001697, 48.836082826221563] 0.000000000000000 [2.461958152458652, 48.836128033548917] 0.000000000000000 [2.462184541232441, 48.836310077188863] 0.000000000000000 [2.462291933235067, 48.836420435479816] 0.000000000000000 [2.462434605445507, 48.836588199950114] 0.000000000000000 [2.462594014101268, 48.836753734361736] 0.000000000000000 [2.462705012553601, 48.836834906289688] 0.000000000000000 
[2.440298558807075, 48.827861245235887] 0.000000000000000 [2.439127038598615, 48.831094571403064] 0.000000000000000 
[2.445310440186893, 48.833727201066296] 0.000000000000000 [2.445151634349747, 48.833720041246032] 0.000000000000000 
[2.455301983223818, 48.834540665920237] 0.000000000000000 [2.455103147650806, 48.834732688281484] 0.000000000000000 [2.454814664080248, 48.835150161511585] 0.000000000000000 [2.454660584465333, 48.835491056551341] 0.000000000000000 [2.454534729838843, 48.835901346853134] 0.000000000000000 
[2.464546958202582, 48.827265988025644] 0.000000000000000 [2.464757323228347, 48.827372523276686] 0.000000000000000 
[2.462646565207315, 48.825989123627210] 0.000000000000000 [2.462692701415202, 48.826121032330093] 0.000000000000000 [2.462787267678464, 48.826245981620588] 0.000000000000000 
[2.453160626607296, 48.835838279962537] 0.000000000000000 [2.453120397707452, 48.835884183701886] 0.000000000000000 [2.452584580638751, 48.836592738905253] 0.000000000000000 [2.451952624554892, 48.837512700069659] 0.000000000000000 
[2.462442082251826, 48.826061579448428] 0.000000000000000 [2.461248254364207, 48.825479914613865] 0.000000000000000 [2.460714914152291, 48.825241603117576] 0.000000000000000 [2.459798521037623, 48.824889666441543] 0.000000000000000 [2.459494791120258, 48.824767925376733] 0.000000000000000 [2.459067065971840, 48.824571173942303] 0.000000000000000 [2.457959497424834, 48.823957359468125] 0.000000000000000 
[2.464709546849909, 48.827480138816981] 0.000000000000000 [2.464848573833208, 48.827582986434379] 0.000000000000000 
[2.464671364433585, 48.827615963585266] 0.000000000000000 [2.464702884684926, 48.827569408746569] 0.000000000000000 [2.464716550387489, 48.827529025470398] 0.000000000000000 [2.464709546849909, 48.827480138816981] 0.000000000000000 
[2.464880577532952, 48.825790907040243] 0.000000000000000 [2.465148811163017, 48.825935910269614] 0.000000000000000 [2.465365105896332, 48.826040540177118] 0.000000000000000 [2.465538966827973, 48.826115856773761] 0.000000000000000 [2.465732068308329, 48.826189171640827] 0.000000000000000 
[2.443154892034451, 48.824803414631120] 0.000000000000000 [2.446217004835647, 48.824655398635635] 0.000000000000000 
[2.454534729838843, 48.835901346853134] 0.000000000000000 [2.454529343262494, 48.836158185503649] 0.000000000000000 [2.454552272615348, 48.836522819037143] 0.000000000000000 [2.454574010420789, 48.836670907602141] 0.000000000000000 
[2.443809741344972, 48.827669513646633] 0.000000000000000 [2.443633571954652, 48.826943063463489] 0.000000000000000 [2.443154892034451, 48.824803414631120] 0.000000000000000 
[2.454652211125527, 48.826877857298911] 0.000000000000000 [2.454742586203302, 48.827144614880829] 0.000000000000000 
[2.454934963357695, 48.834064574198436] 0.000000000000000 [2.455301983223818, 48.834540665920237] 0.000000000000000 
[2.441386319391020, 48.824894620329189] 0.000000000000000 [2.441480504614265, 48.824903705885198] 0.000000000000000 [2.443033402757299, 48.824821189691981] 0.000000000000000 [2.443154892034451, 48.824803414631120] 0.000000000000000 
[2.461152716571517, 48.836073987118979] 0.000000000000000 [2.461294159779311, 48.835735641603655] 0.000000000000000 [2.461317027442104, 48.835624879744188] 0.000000000000000 [2.461318407767078, 48.835566982544293] 0.000000000000000 
[2.453160626607296, 48.835838279962537] 0.000000000000000 [2.453344401842154, 48.835905537671280] 0.000000000000000 [2.453547209865302, 48.835949933997760] 0.000000000000000 [2.453801683457928, 48.835952101775057] 0.000000000000000 [2.454412968637343, 48.835911904009599] 0.000000000000000 [2.454534729838843, 48.835901346853134] 0.000000000000000 
[2.454115450379422, 48.827047977912919] 0.000000000000000 [2.446593758485353, 48.827499059733945] 0.000000000000000 
[2.464849245707392, 48.825947281757223] 0.000000000000000 [2.464783176430810, 48.826276194557003] 0.000000000000000 
[2.444931738952095, 48.833935150127466] 0.000000000000000 [2.444968499022005, 48.833982579457889] 0.000000000000000 
[2.465206553862244, 48.824702433420100] 0.000000000000000 [2.465040819297107, 48.824993724730547] 0.000000000000000 
[2.464709546849909, 48.827480138816981] 0.000000000000000 [2.464626674973406, 48.827387390473916] 0.000000000000000 [2.464546958202582, 48.827265988025644] 0.000000000000000 
[2.465040819297107, 48.824993724730547] 0.000000000000000 [2.464880577532952, 48.825790907040243] 0.000000000000000 
[2.463504964988204, 48.824568609809205] 0.000000000000000 [2.463542524934771, 48.824637255244298] 0.000000000000000 [2.463726976862570, 48.824884863533072] 0.000000000000000 [2.463961218484014, 48.825129888638315] 0.000000000000000 [2.464256762628187, 48.825384953191744] 0.000000000000000 [2.464563692819759, 48.825602082278671] 0.000000000000000 [2.464880577532952, 48.825790907040243] 0.000000000000000 
[2.445488380803728, 48.833975294780146] 0.000000000000000 [2.445478140467211, 48.833883318183268] 0.000000000000000 [2.445422544724368, 48.833806545446251] 0.000000000000000 [2.445310440186893, 48.833727201066296] 0.000000000000000 
[2.464068858944442, 48.831631145743913] 0.000000000000000 [2.457124917795487, 48.832466004353137] 0.000000000000000 
[2.464408704520992, 48.831298717040028] 0.000000000000000 [2.464068858944442, 48.831631145743913] 0.000000000000000 
[2.454115450379422, 48.827047977912919] 0.000000000000000 [2.454259467577843, 48.827214771510107] 0.000000000000000 
[2.444968499022005, 48.833982579457889] 0.000000000000000 [2.445043389729292, 48.834019099271600] 0.000000000000000 [2.445134877580609, 48.834039129797169] 0.000000000000000 [2.445326048286729, 48.834026151035523] 0.000000000000000 [2.445488380803728, 48.833975294780146] 0.000000000000000 
[2.454742586203302, 48.827144614880829] 0.000000000000000 [2.454259467577843, 48.827214771510107] 0.000000000000000 
[2.454742586203302, 48.827144614880829] 0.000000000000000 [2.454815156313868, 48.827156958561702] 0.000000000000000 [2.456031379029785, 48.827680052098025] 0.000000000000000 [2.461068597575905, 48.829837755199271] 0.000000000000000 
[2.461479656168617, 48.834135273786522] 0.000000000000000 [2.461175897206965, 48.833954743358568] 0.000000000000000 [2.460874235509224, 48.833817293735592] 0.000000000000000 [2.460546994745526, 48.833690941189104] 0.000000000000000 [2.460262357013649, 48.833605458956917] 0.000000000000000 [2.459941226534307, 48.833525500622450] 0.000000000000000 [2.459601340196590, 48.833462019301329] 0.000000000000000 [2.459228389846997, 48.833412869926597] 0.000000000000000 [2.458813691948412, 48.833393269657428] 0.000000000000000 [2.458503818432378, 48.833402674786761] 0.000000000000000 
[2.461065312282997, 48.835204786691101] 0.000000000000000 [2.460794163115384, 48.835239074957173] 0.000000000000000 [2.460362804785917, 48.835313310735955] 0.000000000000000 [2.460181894363093, 48.835388542410506] 0.000000000000000 [2.459860834880377, 48.835661055733070] 0.000000000000000 [2.459652442471331, 48.835900532886392] 0.000000000000000 [2.459522329472266, 48.836087039502914] 0.000000000000000 
[2.465003299419279, 48.830514715952496] 0.000000000000000 [2.464809890048148, 48.830820499059833] 0.000000000000000 [2.464408704520992, 48.831298717040028] 0.000000000000000 
[2.444341561436666, 48.833516465861010] 0.000000000000000 [2.439127038598615, 48.831094571403064] 0.000000000000000 
[2.464783176430810, 48.826276194557003] 0.000000000000000 [2.463387531723870, 48.825793699756858] 0.000000000000000 [2.463229836341112, 48.825748550752714] 0.000000000000000 [2.463085993562999, 48.825741524925270] 0.000000000000000 [2.462969450052340, 48.825757922307965] 0.000000000000000 [2.462840988284756, 48.825800600395688] 0.000000000000000 [2.462717819670434, 48.825890313810220] 0.000000000000000 [2.462646565207315, 48.825989123627210] 0.000000000000000 
[2.445035784857688, 48.833816823686298] 0.000000000000000 [2.444341561436666, 48.833516465861010] 0.000000000000000 
[2.454792074460549, 48.834182293185300] 0.000000000000000 [2.454060113843883, 48.834856634089981] 0.000000000000000 [2.453160626607296, 48.835838279962537] 0.000000000000000 
[2.459522329472266, 48.836087039502914] 0.000000000000000 [2.459512840339459, 48.836393586105913] 0.000000000000000 [2.459518872255301, 48.836823569490733] 0.000000000000000 [2.459564577775430, 48.837210838902614] 0.000000000000000 [2.459639672455642, 48.837417564527364] 0.000000000000000 [2.459764379199739, 48.837578256598391] 0.000000000000000 [2.460018393175909, 48.837748665278909] 0.000000000000000 [2.460240338044950, 48.837858343497487] 0.000000000000000 
[2.444341561436666, 48.833516465861010] 0.000000000000000 [2.444380243014062, 48.833703838704402] 0.000000000000000 [2.444338855768788, 48.833840837752888] 0.000000000000000 [2.444252328664209, 48.833953967540616] 0.000000000000000 [2.444162172693695, 48.834027675772795] 0.000000000000000 
[2.457689403182335, 48.824014418472025] 0.000000000000000 [2.457174985021380, 48.824593449569406] 0.000000000000000 [2.456564995401321, 48.825176346518070] 0.000000000000000 [2.454652211125527, 48.826877857298911] 0.000000000000000 
[2.461479656168617, 48.834135273786522] 0.000000000000000 [2.461497843660691, 48.834250362217276] 0.000000000000000 [2.461436299719703, 48.834419196235899] 0.000000000000000 [2.461339830240551, 48.834567610346085] 0.000000000000000 [2.461239517576288, 48.834726253453134] 0.000000000000000 [2.461170157780662, 48.834869521050500] 0.000000000000000 [2.461104951156328, 48.835127856032123] 0.000000000000000 [2.461065312282997, 48.835204786691101] 0.000000000000000 
[2.462646565207315, 48.825989123627210] 0.000000000000000 [2.462569567803540, 48.826041286233853] 0.000000000000000 [2.462442082251826, 48.826061579448428] 0.000000000000000 
[2.464757323228347, 48.827372523276686] 0.000000000000000 [2.464966591798834, 48.827561028557639] 0.000000000000000 
[2.465142192659477, 48.824254593376033] 0.000000000000000 [2.465040819297107, 48.824993724730547] 0.000000000000000 
[2.462442082251826, 48.826061579448428] 0.000000000000000 [2.462787267678464, 48.826245981620588] 0.000000000000000 
[2.464357697563957, 48.827279059970252] 0.000000000000000 [2.464347111702200, 48.827059305706008] 0.000000000000000 
[2.462614620715891, 48.835236244252499] 0.000000000000000 [2.462524673824366, 48.835059186206038] 0.000000000000000 [2.462238665237613, 48.834703836416388] 0.000000000000000 [2.461972420890169, 48.834460973993288] 0.000000000000000 [2.461718999710003, 48.834278159521176] 0.000000000000000 [2.461479656168617, 48.834135273786522] 0.000000000000000 
[2.453160626607296, 48.835838279962537] 0.000000000000000 [2.452415817429341, 48.835580980709160] 0.000000000000000 [2.451997566043000, 48.835444408610009] 0.000000000000000 [2.450799465413485, 48.835083384849227] 0.000000000000000 [2.450097570038428, 48.834894723623670] 0.000000000000000 [2.449578187795717, 48.834765535651584] 0.000000000000000 [2.448358483367460, 48.834474471237854] 0.000000000000000 [2.445488380803728, 48.833975294780146] 0.000000000000000 
[2.461065312282997, 48.835204786691101] 0.000000000000000 [2.461102356612797, 48.835250600567434] 0.000000000000000 [2.461143240669279, 48.835333658896239] 0.000000000000000 [2.461232545013818, 48.835424981878020] 0.000000000000000 [2.461318407767078, 48.835566982544293] 0.000000000000000 
[2.443809741344972, 48.827669513646633] 0.000000000000000 [2.440298558807075, 48.827861245235887] 0.000000000000000 
[2.455792753627624, 48.835437992100516] 0.000000000000000 [2.455833012626925, 48.835525189174895] 0.000000000000000 [2.455896654651509, 48.835763602019007] 0.000000000000000 [2.455954530489279, 48.836154456848220] 0.000000000000000 [2.455955450322159, 48.836538717387526] 0.000000000000000 [2.455940251458878, 48.836905367896996] 0.000000000000000 
[2.464849245707392, 48.825947281757223] 0.000000000000000 [2.464336177944936, 48.825645519990040] 0.000000000000000 [2.464049614633674, 48.825430373871065] 0.000000000000000 [2.463788621408031, 48.825200809697975] 0.000000000000000 [2.463557287847981, 48.824958082604844] 0.000000000000000 [2.463359975707956, 48.824703986781536] 0.000000000000000 [2.463188997232189, 48.824414428898272] 0.000000000000000 [2.463060771368695, 48.824172666194826] 0.000000000000000 [2.462962140942695, 48.823893279840611] 0.000000000000000 [2.462754929706190, 48.823060329012463] 0.000000000000000 [2.462597696343949, 48.822493238608793] 0.000000000000000 [2.462481301534710, 48.822241839999037] 0.000000000000000 [2.462336835301800, 48.821983187496798] 0.000000000000000 [2.462159958934085, 48.821724659695001] 0.000000000000000 [2.461949110133796, 48.821495216328593] 0.000000000000000 [2.461655499146801, 48.821171169342854] 0.000000000000000 [2.460730504319496, 48.820558423359572] 0.000000000000000 
[2.464880577532952, 48.825790907040243] 0.000000000000000 [2.464862905320975, 48.825878111464831] 0.000000000000000 [2.464849245707392, 48.825947281757223] 0.000000000000000 
[2.455301983223818, 48.834540665920237] 0.000000000000000 [2.455792753627624, 48.835437992100516] 0.000000000000000 
[2.457235889096305, 48.833563535257390] 0.000000000000000 [2.457009321134131, 48.833610743216646] 0.000000000000000 [2.456681837004114, 48.833718012155089] 0.000000000000000 [2.456365432589557, 48.833845403380842] 0.000000000000000 [2.455944472444355, 48.834055915575327] 0.000000000000000 [2.455713243643345, 48.834201210197470] 0.000000000000000 [2.455442903052282, 48.834396634709790] 0.000000000000000 [2.455301983223818, 48.834540665920237] 0.000000000000000 
[2.457124917795487, 48.832466004353137] 0.000000000000000 [2.457078235490693, 48.832651952203726] 0.000000000000000 [2.457090297477518, 48.832835445204061] 0.000000000000000 [2.457198311766278, 48.833452909735861] 0.000000000000000 [2.457235889096305, 48.833563535257390] 0.000000000000000 
[2.457665895296247, 48.823789587568122] 0.000000000000000 [2.457521597006116, 48.823698635557157] 0.000000000000000 [2.456526117312618, 48.823166504349061] 0.000000000000000 [2.455509748992431, 48.822654621234193] 0.000000000000000 [2.454473244713717, 48.822154259857548] 0.000000000000000 [2.454140235780391, 48.822014379290607] 0.000000000000000 [2.453346541149955, 48.821498127680371] 0.000000000000000 [2.452786461751275, 48.821176048264498] 0.000000000000000 
[2.457302385518138, 48.833938390992628] 0.000000000000000 [2.457582684786147, 48.833786566131906] 0.000000000000000 [2.457905038068090, 48.833642250205934] 0.000000000000000 [2.458503818432378, 48.833402674786761] 0.000000000000000 
[2.464347111702200, 48.827059305706008] 0.000000000000000 [2.464639071844473, 48.827091326370194] 0.000000000000000 
[2.457124917795487, 48.832466004353137] 0.000000000000000 [2.456857831561843, 48.832643991365366] 0.000000000000000 [2.456344227911935, 48.832990087616110] 0.000000000000000 [2.455846986283267, 48.833346425100892] 0.000000000000000 [2.455801325380453, 48.833380258171097] 0.000000000000000 [2.455727259483519, 48.833435560122638] 0.000000000000000 [2.455251002301046, 48.833804193039896] 0.000000000000000 [2.454934963357695, 48.834064574198436] 0.000000000000000 
[2.469745136266826, 48.836150460863848] 0.000000000000000 [2.469743917144591, 48.836132494386916] 0.000000000000000 [2.469742710284071, 48.836114527964078] 0.000000000000000 [2.469741491154260, 48.836096562385912] 0.000000000000000 [2.469740285749235, 48.836078586975304] 0.000000000000000 [2.469739080161968, 48.836060629550772] 0.000000000000000 [2.469737859763918, 48.836042654972459] 0.000000000000000 [2.469736654269905, 48.836024688554168] 0.000000000000000 [2.469735435153533, 48.836006722075162] 0.000000000000000 [2.469734228289600, 48.835988756549504] 0.000000000000000 [2.469733022889572, 48.835970781137107] 0.000000000000000 [2.469731803775713, 48.835952814657176] 0.000000000000000 [2.469730596923426, 48.835934848231339] 0.000000000000000 [2.469729377802096, 48.835916882650132] 0.000000000000000 [2.469728172313915, 48.835898916229709] 0.000000000000000 [2.469726966826464, 48.835880949809017] 0.000000000000000 [2.469725746436797, 48.835862975227705] 0.000000000000000 [2.469724540951115, 48.835845008806380] 0.000000000000000 [2.469723321843122, 48.835827042324375] 0.000000000000000 [2.469722116258368, 48.835809085794949] 0.000000000000000 [2.469720909504338, 48.835791110373506] 0.000000000000000 [2.469719690307368, 48.835773152883739] 0.000000000000000 [2.469718484999578, 48.835755169373897] 0.000000000000000 [2.469717264533440, 48.835737202884310] 0.000000000000000 [2.469716059053590, 48.835719236460896] 0.000000000000000 [2.469714853565320, 48.835701270936504] 0.000000000000000 [2.469713633101697, 48.835683304446007] 0.000000000000000 [2.469712427715835, 48.835665329028515] 0.000000000000000 [2.469711208607069, 48.835647363442803] 0.000000000000000 [2.469710003131283, 48.835629397017861] 0.000000000000000 [2.469708796294099, 48.835611430586610] 0.000000000000000 [2.469707577187847, 48.835593464999981] 0.000000000000000 [2.469706371714558, 48.835575498574151] 0.000000000000000 [2.469705123767377, 48.835557020224897] 0.000000000000000 [2.469700048929774, 48.835539346022919] 0.000000000000000 [2.469694989081003, 48.835521671886866] 0.000000000000000 [2.469689915511962, 48.835504007582429] 0.000000000000000 [2.469684841955508, 48.835486342378168] 0.000000000000000 [2.469679780846208, 48.835468659241407] 0.000000000000000 [2.469674707287481, 48.835450994935471] 0.000000000000000 [2.469669633832837, 48.835433320736577] 0.000000000000000 [2.469664574004670, 48.835415646597539] 0.000000000000000 [2.469659499185430, 48.835397973290945] 0.000000000000000 [2.469654425649606, 48.835380308083707] 0.000000000000000 [2.469649365831740, 48.835362633943213] 0.000000000000000 [2.469644292385139, 48.835344960641137] 0.000000000000000 [2.469639217497306, 48.835327295426410] 0.000000000000000 [2.469634157689744, 48.835309621284431] 0.000000000000000 [2.469629084253459, 48.835291947980878] 0.000000000000000 [2.469624010829765, 48.835274273777493] 0.000000000000000 [2.469618949578681, 48.835256608621194] 0.000000000000000 [2.469613876152814, 48.835238935316141] 0.000000000000000 [2.469608802739435, 48.835221261111329] 0.000000000000000 [2.469603742952375, 48.835203586966372] 0.000000000000000 [2.469598669445315, 48.835185922653039] 0.000000000000000 [2.469593594679937, 48.835168248440645] 0.000000000000000 [2.469588534903281, 48.835150574294232] 0.000000000000000 [2.469583461406432, 48.835132909979393] 0.000000000000000 [2.469578388013686, 48.835115235771617] 0.000000000000000 [2.469573326885017, 48.835097561617665] 0.000000000000000 [2.469568253398483, 48.835079897301370] 0.000000000000000 [2.469563180016052, 48.835062223092081] 0.000000000000000 [2.469558120260000, 48.835044548942697] 0.000000000000000 [2.469553045512981, 48.835026875625701] 0.000000000000000 [2.469547972140867, 48.835009201414891] 0.000000000000000 [2.469542912303601, 48.834991536257220] 0.000000000000000 [2.469537838929210, 48.834973862944771] 0.000000000000000 [2.469532764205101, 48.834956188726480] 0.000000000000000 [2.469530206548016, 48.834947271034537] 0.000000000000000 [2.469524099048640, 48.834929742427960] 0.000000000000000 [2.469517990200314, 48.834912212915462] 0.000000000000000 [2.469511867632523, 48.834894693234503] 0.000000000000000 [2.469503041104147, 48.834869380308575] 0.000000000000000 [2.469496333274480, 48.834851941670664] 0.000000000000000 [2.469489611725840, 48.834834512864191] 0.000000000000000 [2.469484509526735, 48.834821281351971] 0.000000000000000 [2.469477339043708, 48.834803924300537] 0.000000000000000 [2.469470154933536, 48.834786568087296] 0.000000000000000 [2.469464711605602, 48.834773390820814] 0.000000000000000 [2.469457077016562, 48.834756124342739] 0.000000000000000 [2.469449443785833, 48.834738858769299] 0.000000000000000 [2.469443646977867, 48.834725744687184] 0.000000000000000 [2.469435551008584, 48.834708568794355] 0.000000000000000 [2.469427467305176, 48.834691392955115] 0.000000000000000 [2.469421330448672, 48.834678361003235] 0.000000000000000 [2.469412784090051, 48.834661266750601] 0.000000000000000 [2.469404238916258, 48.834644190489477] 0.000000000000000 [2.469397747319845, 48.834631211823044] 0.000000000000000 [2.469388766554264, 48.834614235255550] 0.000000000000000 [2.469379770809409, 48.834597258620647] 0.000000000000000 [2.469372939175177, 48.834584361184824] 0.000000000000000 [2.469363509109987, 48.834567493242545] 0.000000000000000 [2.469354064166595, 48.834550615340312] 0.000000000000000 [2.469346892486291, 48.834537800034191] 0.000000000000000 [2.469337011769494, 48.834521039811541] 0.000000000000000 [2.469327132412194, 48.834504280493164] 0.000000000000000 [2.469325969850587, 48.834502321028012] 0.000000000000000 [2.469319620695653, 48.834491546417198] 0.000000000000000 [2.469309290589861, 48.834474903812442] 0.000000000000000 [2.469307950397463, 48.834472728612091] 0.000000000000000 [2.469297621661322, 48.834456086012032] 0.000000000000000 [2.469291123632281, 48.834445617420116] 0.000000000000000 [2.469280359132616, 48.834429091600029] 0.000000000000000 [2.469269594539057, 48.834412575671237] 0.000000000000000 [2.469261428452650, 48.834400022156146] 0.000000000000000 [2.469250228087877, 48.834383623906263] 0.000000000000000 [2.469239027739410, 48.834367224755788] 0.000000000000000 [2.469230521435848, 48.834354770456528] 0.000000000000000 [2.469218886496024, 48.834338506977126] 0.000000000000000 [2.469207263823913, 48.834322243550744] 0.000000000000000 [2.469198417294733, 48.834309889366409] 0.000000000000000 [2.469186360041079, 48.834293760711560] 0.000000000000000 [2.469174302785828, 48.834277632954581] 0.000000000000000 [2.469165143295498, 48.834265377207160] 0.000000000000000 [2.469152663618942, 48.834249394168353] 0.000000000000000 [2.469140183959300, 48.834233410228684] 0.000000000000000 [2.469130697785058, 48.834221262749999] 0.000000000000000 [2.469118233215283, 48.834205269880940] 0.000000000000000 [2.469105767281908, 48.834189277903654] 0.000000000000000 [2.469093301365239, 48.834173285025528] 0.000000000000000 [2.469080849078926, 48.834157292206314] 0.000000000000000 [2.469062669217795, 48.834133977458812] 0.000000000000000 [2.469049577174314, 48.834118201239562] 0.000000000000000 [2.469036486501045, 48.834102425024653] 0.000000000000000 [2.469026454882124, 48.834090332673775] 0.000000000000000 [2.469012955329784, 48.834074709330565] 0.000000000000000 [2.468999442153694, 48.834059086824446] 0.000000000000000 [2.468989083852702, 48.834047102741387] 0.000000000000000 [2.468975175329139, 48.834031642160362] 0.000000000000000 [2.468961254553446, 48.834016181523033] 0.000000000000000 [2.468950583101884, 48.834004314761252] 0.000000000000000 [2.468936266979203, 48.833989016048690] 0.000000000000000 [2.468921937233105, 48.833973718173048] 0.000000000000000 [2.468910953902242, 48.833961977731455] 0.000000000000000 [2.468896065866594, 48.833946922898477] 0.000000000000000 [2.468881177839444, 48.833931868063502] 0.000000000000000 [2.468866276381617, 48.833916795179540] 0.000000000000000 [2.468853014489475, 48.833903393389527] 0.000000000000000 [2.468837568265605, 48.833888573500516] 0.000000000000000 [2.468820415286505, 48.833872127182303] 0.000000000000000 [2.468804561175739, 48.833857497040697] 0.000000000000000 [2.468786986505894, 48.833841258395182] 0.000000000000000 [2.468770751863700, 48.833826807329835] 0.000000000000000 [2.468752741881052, 48.833810776296119] 0.000000000000000 [2.468736140220375, 48.833796515159072] 0.000000000000000 [2.468717694934326, 48.833780690837500] 0.000000000000000 [2.468700726172935, 48.833766627722298] 0.000000000000000 [2.468681872819842, 48.833751011132826] 0.000000000000000 [2.468664521963921, 48.833737146871947] 0.000000000000000 [2.468645261640383, 48.833721764100574] 0.000000000000000 [2.468627271018533, 48.833708251339409] 0.000000000000000 [2.468609281685679, 48.833694746675278] 0.000000000000000 [2.468591278739566, 48.833681241947723] 0.000000000000000 [2.468578885304133, 48.833671930673241] 0.000000000000000 [2.468560379180711, 48.833658742078434] 0.000000000000000 [2.468543374441439, 48.833646612402696] 0.000000000000000 [2.468524514838941, 48.833633621889199] 0.000000000000000 [2.468507197303381, 48.833621708463184] 0.000000000000000 [2.468488011283518, 48.833608934138184] 0.000000000000000 [2.468470379772792, 48.833597218969061] 0.000000000000000 [2.468450853538777, 48.833584677858788] 0.000000000000000 [2.468432910869157, 48.833573151965311] 0.000000000000000 [2.468413058025178, 48.833560845928581] 0.000000000000000 [2.468394816181701, 48.833549536344520] 0.000000000000000 [2.468374636920295, 48.833537446495363] 0.000000000000000 [2.468356095912172, 48.833526352321115] 0.000000000000000 [2.468335577514407, 48.833514523570727] 0.000000000000000 [2.468315059125953, 48.833502694816708] 0.000000000000000 [2.468286532544145, 48.833486243723172] 0.000000000000000 [2.468265673743836, 48.833474667965810] 0.000000000000000 [2.468244828501923, 48.833463099459863] 0.000000000000000 [2.468225144166542, 48.833452178254497] 0.000000000000000 [2.468203985936949, 48.833440844881210] 0.000000000000000 [2.468182829078829, 48.833429511510126] 0.000000000000000 [2.468162857756050, 48.833418814757394] 0.000000000000000 [2.468141414980640, 48.833407733726894] 0.000000000000000 [2.468119958683703, 48.833396643638636] 0.000000000000000 [2.468099716527699, 48.833386190296480] 0.000000000000000 [2.468077974414143, 48.833375342655934] 0.000000000000000 [2.468056233570854, 48.833364504909902] 0.000000000000000 [2.468035705789322, 48.833354276025609] 0.000000000000000 [2.468011803631595, 48.833345643782323] 0.000000000000000 [2.467987901390001, 48.833337020527431] 0.000000000000000 [2.467963985625613, 48.833328388213893] 0.000000000000000 [2.467941966060576, 48.833320437051910] 0.000000000000000 [2.467918377046623, 48.833311425753251] 0.000000000000000 [2.467890205363828, 48.833300667290999] 0.000000000000000 [2.467866873870838, 48.833291386420228] 0.000000000000000 [2.467838988971824, 48.833280294659545] 0.000000000000000 [2.467815901295198, 48.833270752250222] 0.000000000000000 [2.467788313894794, 48.833259345226374] 0.000000000000000 [2.467765486464745, 48.833249533257629] 0.000000000000000 [2.467738197925676, 48.833237810977039] 0.000000000000000 [2.467715626563932, 48.833227738424242] 0.000000000000000 [2.467688665493914, 48.833215701014531] 0.000000000000000 [2.467667154331486, 48.833204664559780] 0.000000000000000 [2.467645644448693, 48.833193637100351] 0.000000000000000 [2.467624133488169, 48.833182582651268] 0.000000000000000 [2.467602622353071, 48.833171546184623] 0.000000000000000 [2.467581126211789, 48.833160509780704] 0.000000000000000 [2.467559615094904, 48.833149473306058] 0.000000000000000 [2.467538105349492, 48.833138436833501] 0.000000000000000 [2.467516594342688, 48.833127391357728] 0.000000000000000 [2.467495083253132, 48.833116354871187] 0.000000000000000 [2.467473573534947, 48.833105318386735] 0.000000000000000 [2.467452062463709, 48.833094281892237] 0.000000000000000 [2.467430552754551, 48.833083246299118] 0.000000000000000 [2.467409041793311, 48.833072200803478] 0.000000000000000 [2.467387545733979, 48.833061164363777] 0.000000000000000 [2.467366034699072, 48.833050127853376] 0.000000000000000 [2.467344523673375, 48.833039091338989] 0.000000000000000 [2.467323014018947, 48.833028054826691] 0.000000000000000 [2.467301503103265, 48.833017009311156] 0.000000000000000 [2.467279993467058, 48.833005972790900] 0.000000000000000 [2.467258482385889, 48.832994945253780] 0.000000000000000 [2.467236972859804, 48.832983899732376] 0.000000000000000 [2.467215461980575, 48.832972854200939] 0.000000000000000 [2.467193951018543, 48.832961817658685] 0.000000000000000 [2.467172455050265, 48.832950781179242] 0.000000000000000 [2.467150944106547, 48.832939744629059] 0.000000000000000 [2.467129434534095, 48.832928708080978] 0.000000000000000 [2.467107923700426, 48.832917662529638] 0.000000000000000 [2.467086412783936, 48.832906625967532] 0.000000000000000 [2.467064903238912, 48.832895589407492] 0.000000000000000 [2.467043392340638, 48.832884552837434] 0.000000000000000 [2.467021882813729, 48.832873516269451] 0.000000000000000 [2.467000372025623, 48.832862470698231] 0.000000000000000 [2.466978861154779, 48.832851434116222] 0.000000000000000 [2.466957365277556, 48.832840397597025] 0.000000000000000 [2.466935854424824, 48.832829361007100] 0.000000000000000 [2.466914344943456, 48.832818324419215] 0.000000000000000 [2.466892834200911, 48.832807278828135] 0.000000000000000 [2.466871324645787, 48.832796251225496] 0.000000000000000 [2.466849813921567, 48.832785205626429] 0.000000000000000 [2.466828303114379, 48.832774169016602] 0.000000000000000 [2.466806793678554, 48.832763132408857] 0.000000000000000 [2.466785282981674, 48.832752086797861] 0.000000000000000 [2.466763787186299, 48.832741050242902] 0.000000000000000 [2.466742276415646, 48.832730013617166] 0.000000000000000 [2.466727041471829, 48.832722198598745] 0.000000000000000 [2.466707760127063, 48.832709495498342] 0.000000000000000 [2.466688480144847, 48.832696793300059] 0.000000000000000 [2.466669198910884, 48.832684081199943] 0.000000000000000 [2.466649918956563, 48.832671378095839] 0.000000000000000 [2.466630637640187, 48.832658675881746] 0.000000000000000 [2.466611344082452, 48.832645972710409] 0.000000000000000 [2.466592062886096, 48.832633260597319] 0.000000000000000 [2.466572782960165, 48.832620558379524] 0.000000000000000 [2.466553503052833, 48.832607855259170] 0.000000000000000 [2.466543132290492, 48.832601032320973] 0.000000000000000 [2.466524124060379, 48.832588140642194] 0.000000000000000 [2.466505115747629, 48.832575257953430] 0.000000000000000 [2.466486107453479, 48.832562374362190] 0.000000000000000 [2.466464642156214, 48.832547839373376] 0.000000000000000 [2.466446041141557, 48.832534695878167] 0.000000000000000 [2.466427441415580, 48.832521560479854] 0.000000000000000 [2.466408963479936, 48.832508505664933] 0.000000000000000 [2.466390717454302, 48.832495154193140] 0.000000000000000 [2.466372470075767, 48.832481802712309] 0.000000000000000 [2.466354332135282, 48.832468540753553] 0.000000000000000 [2.466336439727067, 48.832454982198911] 0.000000000000000 [2.466318546057984, 48.832441414642147] 0.000000000000000 [2.466300775356918, 48.832427945661543] 0.000000000000000 [2.466283236473966, 48.832414189017690] 0.000000000000000 [2.466265696339311, 48.832400422472496] 0.000000000000000 [2.466248280617346, 48.832386746415807] 0.000000000000000 [2.466231121242844, 48.832372781906194] 0.000000000000000 [2.466213949608337, 48.832358818238546] 0.000000000000000 [2.466196899588207, 48.832344952241961] 0.000000000000000 [2.466180149865672, 48.832330762913671] 0.000000000000000 [2.466163398790013, 48.832316573576861] 0.000000000000000 [2.466146649002825, 48.832302392337411] 0.000000000000000 [2.466129911567513, 48.832288203056294] 0.000000000000000 [2.466120519667419, 48.832280254850751] 0.000000000000000 [2.466104203955656, 48.832265857896999] 0.000000000000000 [2.466087874722809, 48.832251451886854] 0.000000000000000 [2.466071560382004, 48.832237055833708] 0.000000000000000 [2.466061279450652, 48.832227992943338] 0.000000000000000 [2.466045345782857, 48.832213407021712] 0.000000000000000 [2.466029410761739, 48.832198821091708] 0.000000000000000 [2.466013463489693, 48.832184235104648] 0.000000000000000 [2.466003441244325, 48.832175055547410] 0.000000000000000 [2.465987888267040, 48.832160279753040] 0.000000000000000 [2.465972335197228, 48.832145513848964] 0.000000000000000 [2.465956782145543, 48.832130747043394] 0.000000000000000 [2.465946991341529, 48.832121450697962] 0.000000000000000 [2.465931832390738, 48.832106512971109] 0.000000000000000 [2.465916687070798, 48.832091575302989] 0.000000000000000 [2.465901529683795, 48.832076619591575] 0.000000000000000 [2.465891983860100, 48.832067214613005] 0.000000000000000 [2.465877205405098, 48.832052105900189] 0.000000000000000 [2.465862414707861, 48.832036996231253] 0.000000000000000 [2.465847636269995, 48.832021887514365] 0.000000000000000 [2.465832859212043, 48.832006777902208] 0.000000000000000 [2.465822343563690, 48.831996034833139] 0.000000000000000 [2.465808000202813, 48.831980745483506] 0.000000000000000 [2.465804435935782, 48.831976945051650] 0.000000000000000 [2.465790094039702, 48.831961646712465] 0.000000000000000 [2.465775765681999, 48.831946357425430] 0.000000000000000 [2.465765793780066, 48.831935730098955] 0.000000000000000 [2.465751859531550, 48.831920268992249] 0.000000000000000 [2.465737926552146, 48.831904817782316] 0.000000000000000 [2.465723992228088, 48.831889365665148] 0.000000000000000 [2.465710850087842, 48.831874775975095] 0.000000000000000 [2.465697324665154, 48.831859170990811] 0.000000000000000 [2.465683799342844, 48.831843557011538] 0.000000000000000 [2.465670274028534, 48.831827943030518] 0.000000000000000 [2.465657527089708, 48.831813209402704] 0.000000000000000 [2.465644409323318, 48.831797441649499] 0.000000000000000 [2.465631306549072, 48.831781673961615] 0.000000000000000 [2.465618202411407, 48.831765907165277] 0.000000000000000 [2.465605823438212, 48.831751028579113] 0.000000000000000 [2.465593195059251, 48.831735098422755] 0.000000000000000 [2.465580554511146, 48.831719160116158] 0.000000000000000 [2.465567927509955, 48.831703229962741] 0.000000000000000 [2.465553865402948, 48.831685502766042] 0.000000000000000 [2.465541714142479, 48.831669411051386] 0.000000000000000 [2.465529549276786, 48.831653318375047] 0.000000000000000 [2.465514021814314, 48.831632760628956] 0.000000000000000 [2.465502293001571, 48.831616524201308] 0.000000000000000 [2.465490564205254, 48.831600286872941] 0.000000000000000 [2.465475582071547, 48.831579557981065] 0.000000000000000 [2.465464274251116, 48.831563185827939] 0.000000000000000 [2.465452981329710, 48.831546822733699] 0.000000000000000 [2.465438543262590, 48.831525912797879] 0.000000000000000 [2.465423445906645, 48.831503006927456] 0.000000000000000 [2.465412573969753, 48.831486509007043] 0.000000000000000 [2.465403973147735, 48.831473443308347] 0.000000000000000 
[2.464357697563957, 48.827279059970252] 0.000000000000000 [2.463997736318105, 48.827627850634833] 0.000000000000000 [2.463311053734953, 48.828232983551921] 0.000000000000000 [2.462544468677477, 48.828831850695515] 0.000000000000000 [2.462109850330553, 48.829141356417416] 0.000000000000000 [2.461954010650106, 48.829247606873736] 0.000000000000000 [2.461068597575905, 48.829837755199271] 0.000000000000000 
[2.454259467577843, 48.827214771510107] 0.000000000000000 [2.453064421752870, 48.828142665838818] 0.000000000000000 [2.452160540017324, 48.828794318874280] 0.000000000000000 [2.451451115268082, 48.829286876098053] 0.000000000000000 [2.451039233524591, 48.829593745271062] 0.000000000000000 [2.450661469218919, 48.829895956279522] 0.000000000000000 [2.448407481131598, 48.831615579137754] 0.000000000000000 [2.446726380178152, 48.832816577469821] 0.000000000000000 [2.445930138390032, 48.833332933242147] 0.000000000000000 [2.445435741763347, 48.833617388161088] 0.000000000000000 [2.445310440186893, 48.833727201066296] 0.000000000000000 
[2.446593758485353, 48.827499059733945] 0.000000000000000 [2.445265164896298, 48.827589090731983] 0.000000000000000 [2.443809741344972, 48.827669513646633] 0.000000000000000 
[2.461318407767078, 48.835566982544293] 0.000000000000000 [2.461360440030058, 48.835580380714774] 0.000000000000000 [2.461420435932815, 48.835630621045993] 0.000000000000000 [2.461471758181808, 48.835693082351142] 0.000000000000000 [2.461517656472625, 48.835765612714241] 0.000000000000000 [2.461594072977879, 48.835850321939915] 0.000000000000000 [2.461702049323010, 48.835933566888855] 0.000000000000000 [2.461847137781738, 48.836050538267990] 0.000000000000000 [2.461866522520874, 48.836077909314994] 0.000000000000000 
[2.462614620715891, 48.835236244252499] 0.000000000000000 [2.463016951036909, 48.835422049181432] 0.000000000000000 [2.463482155965480, 48.835582853781929] 0.000000000000000 [2.463825521421475, 48.835667633579185] 0.000000000000000 [2.464117725116628, 48.835721174197957] 0.000000000000000 [2.464484629453630, 48.835740917011009] 0.000000000000000 [2.466884628589170, 48.835684328157896] 0.000000000000000 [2.467089758243769, 48.835674561470853] 0.000000000000000 [2.467832326561487, 48.835729195707692] 0.000000000000000 [2.468414172374420, 48.835843633446252] 0.000000000000000 [2.469745136266826, 48.836150460863848] 0.000000000000000 
[2.446217004835647, 48.824655398635635] 0.000000000000000 [2.446306148446649, 48.825599435893004] 0.000000000000000 [2.446416350339287, 48.826537005274432] 0.000000000000000 [2.446502919812968, 48.827131514309031] 0.000000000000000 [2.446593758485353, 48.827499059733945] 0.000000000000000 
[2.459522329472266, 48.836087039502914] 0.000000000000000 [2.461152716571517, 48.836073987118979] 0.000000000000000 
[2.457959497424834, 48.823957359468125] 0.000000000000000 [2.457922353752155, 48.823759558479146] 0.000000000000000 
[2.462646565207315, 48.825989123627210] 0.000000000000000 [2.462299711383727, 48.824816489083275] 0.000000000000000 [2.462304077261241, 48.824549399276378] 0.000000000000000 [2.462323872935145, 48.824216770800248] 0.000000000000000 [2.462244017456625, 48.823841726031063] 0.000000000000000 [2.462120846595723, 48.823495388359447] 0.000000000000000 [2.462037540913723, 48.823139087613221] 0.000000000000000 [2.461959101982247, 48.822762286786038] 0.000000000000000 [2.461867980051403, 48.822052497414269] 0.000000000000000 [2.461705656852719, 48.821785320444377] 0.000000000000000 [2.461525586255092, 48.821609619133667] 0.000000000000000 [2.461106087484699, 48.821318712264990] 0.000000000000000 [2.460349016198017, 48.820817559405754] 0.000000000000000 
