[2.446874403073953, 48.844303926632357] 0.000000000000000 [2.446343879496046, 48.844316407224291] 0.000000000000000 [2.443164584602556, 48.844473004197965] 0.000000000000000 [2.442951643569647, 48.844480306705158] 0.000000000000000 [2.442707207421440, 48.844477656476037] 0.000000000000000 [2.442543631263894, 48.844441208039008] 0.000000000000000 [2.442301968811200, 48.844274876825629] 0.000000000000000 
[2.459295643902865, 48.838992900815057] 0.000000000000000 [2.459540756490256, 48.839136801085729] 0.000000000000000 
[2.460646297107638, 48.838594546172942] 0.000000000000000 [2.460890883778214, 48.838477149538129] 0.000000000000000 [2.461294055281563, 48.838283365750257] 0.000000000000000 [2.461734343079041, 48.838006086742226] 0.000000000000000 [2.461974047114048, 48.837818594287839] 0.000000000000000 [2.462220312479392, 48.837586309568984] 0.000000000000000 [2.462447808674944, 48.837313308794343] 0.000000000000000 [2.462595131022094, 48.837077509021938] 0.000000000000000 [2.462705012553601, 48.836834906289688] 0.000000000000000 
[2.462705012553601, 48.836834906289688] 0.000000000000000 [2.462723917370849, 48.836881549153119] 0.000000000000000 [2.462840731094495, 48.836999467832641] 0.000000000000000 [2.462935908329065, 48.837131727523513] 0.000000000000000 [2.463014992954684, 48.837331989928927] 0.000000000000000 [2.463045193088476, 48.837487566799055] 0.000000000000000 [2.463059074442827, 48.837621706162281] 0.000000000000000 [2.463059533574770, 48.837802370146420] 0.000000000000000 [2.462957565357346, 48.838324576212131] 0.000000000000000 
[2.447452378621725, 48.843891120703162] 0.000000000000000 [2.447253561049027, 48.844017527277629] 0.000000000000000 [2.446874403073953, 48.844303926632357] 0.000000000000000 
[2.450185938274570, 48.843114176387438] 0.000000000000000 [2.449789087802805, 48.842707917818522] 0.000000000000000 [2.449398205106565, 48.842346884972677] 0.000000000000000 
[2.450185938274570, 48.843114176387438] 0.000000000000000 [2.450286214626038, 48.843030624091369] 0.000000000000000 [2.450490789767064, 48.842883055485103] 0.000000000000000 [2.451013868030325, 48.842600951871070] 0.000000000000000 [2.451294538313725, 48.842486201311829] 0.000000000000000 [2.451613380293733, 48.842375997735914] 0.000000000000000 [2.451835151799526, 48.842291071871855] 0.000000000000000 [2.452101115336750, 48.842151442428090] 0.000000000000000 
[2.455544641782715, 48.837938447132011] 0.000000000000000 [2.455651495403948, 48.837798894502249] 0.000000000000000 [2.455703939923384, 48.837757212302378] 0.000000000000000 [2.455756273682625, 48.837663498143883] 0.000000000000000 [2.455829444257712, 48.837498646925887] 0.000000000000000 [2.455886766572952, 48.837297401186810] 0.000000000000000 [2.455940251458878, 48.836905367896996] 0.000000000000000 
[2.442032099444658, 48.844931876542240] 0.000000000000000 [2.441446683650017, 48.844618342772357] 0.000000000000000 [2.441078982893202, 48.844388384008077] 0.000000000000000 
[2.446516104776996, 48.839710065931804] 0.000000000000000 [2.446572675973489, 48.839941827438899] 0.000000000000000 
[2.459300254821875, 48.839183830680177] 0.000000000000000 [2.459540756490256, 48.839136801085729] 0.000000000000000 
[2.453765446235924, 48.844011421029428] 0.000000000000000 [2.453627607553209, 48.844006535849822] 0.000000000000000 [2.450682130485703, 48.844121861609864] 0.000000000000000 
[2.447330187962308, 48.843643326750865] 0.000000000000000 [2.447451685471976, 48.843873603497514] 0.000000000000000 [2.447452378621725, 48.843891120703162] 0.000000000000000 
[2.454574010420789, 48.836670907602141] 0.000000000000000 [2.454625409627858, 48.836803587775378] 0.000000000000000 [2.454733966627376, 48.837026855515511] 0.000000000000000 [2.454884382942968, 48.837265008486789] 0.000000000000000 [2.455056148573564, 48.837486591578276] 0.000000000000000 [2.455274630867050, 48.837703180744057] 0.000000000000000 [2.455544641782715, 48.837938447132011] 0.000000000000000 
[2.456782829782774, 48.843712910395702] 0.000000000000000 [2.458436573858903, 48.843453749263453] 0.000000000000000 [2.459539912957806, 48.843245166956017] 0.000000000000000 [2.460022309037933, 48.843153963729506] 0.000000000000000 [2.461033897098106, 48.842927569877318] 0.000000000000000 [2.461767664419915, 48.842740573077577] 0.000000000000000 [2.462563411477890, 48.842487118230871] 0.000000000000000 [2.463214815940105, 48.842239034341887] 0.000000000000000 
[2.460294156889157, 48.838949378183585] 0.000000000000000 [2.461029688319582, 48.838765684188502] 0.000000000000000 [2.461325855367772, 48.838742591744897] 0.000000000000000 
[2.448779202605973, 48.842384823663068] 0.000000000000000 [2.448848067326359, 48.842152103844683] 0.000000000000000 [2.448964905228227, 48.841998869548007] 0.000000000000000 
[2.452101115336750, 48.842151442428090] 0.000000000000000 [2.452233593470399, 48.842114393146623] 0.000000000000000 [2.452569821673957, 48.842024771891452] 0.000000000000000 [2.452933865490553, 48.841974032771446] 0.000000000000000 [2.453249428297748, 48.841950825048265] 0.000000000000000 [2.453551053390368, 48.841897863343625] 0.000000000000000 [2.454015499262158, 48.841769186401258] 0.000000000000000 [2.454431407310391, 48.841649711534558] 0.000000000000000 [2.454635932428761, 48.841603718498568] 0.000000000000000 [2.455045071889541, 48.841555219170345] 0.000000000000000 [2.455371016734686, 48.841527407986746] 0.000000000000000 [2.455617177507299, 48.841488231066279] 0.000000000000000 [2.455884080969382, 48.841428429559230] 0.000000000000000 [2.456337970872011, 48.841277289956359] 0.000000000000000 
[2.450682130485703, 48.844121861609864] 0.000000000000000 [2.450532214425163, 48.843745213948893] 0.000000000000000 [2.450402105619900, 48.843449571781960] 0.000000000000000 [2.450185938274570, 48.843114176387438] 0.000000000000000 
[2.447781845691838, 48.839606575570237] 0.000000000000000 [2.446516104776996, 48.839710065931804] 0.000000000000000 
[2.454220357883124, 48.844020612043607] 0.000000000000000 [2.454908976603915, 48.843944235383162] 0.000000000000000 [2.455564671918458, 48.843871504700410] 0.000000000000000 [2.456198486356657, 48.843788981342577] 0.000000000000000 [2.456782829782774, 48.843712910395702] 0.000000000000000 
[2.460240338044950, 48.837858343497487] 0.000000000000000 [2.460366957682506, 48.837948512327429] 0.000000000000000 [2.460496508604970, 48.838056689466498] 0.000000000000000 [2.460561433498685, 48.838164945563079] 0.000000000000000 [2.460586474643145, 48.838237130238738] 0.000000000000000 [2.460606910874879, 48.838457026950159] 0.000000000000000 [2.460646297107638, 48.838594546172942] 0.000000000000000 
[2.452786317134120, 48.840904115972457] 0.000000000000000 [2.454177796239339, 48.840517523200809] 0.000000000000000 [2.456768214798091, 48.839890368597267] 0.000000000000000 [2.457271848183928, 48.839764568409173] 0.000000000000000 [2.457387374727000, 48.839735706050725] 0.000000000000000 
[2.459540756490256, 48.839136801085729] 0.000000000000000 [2.460294156889157, 48.838949378183585] 0.000000000000000 
[2.449107284173482, 48.841796292727452] 0.000000000000000 [2.449374031555335, 48.841416427288848] 0.000000000000000 [2.451952624554892, 48.837512700069659] 0.000000000000000 
[2.464531653660931, 48.838885834129435] 0.000000000000000 [2.464920312996997, 48.838731577314093] 0.000000000000000 
[2.441078982893202, 48.844388384008077] 0.000000000000000 [2.442301968811200, 48.844274876825629] 0.000000000000000 
[2.459300254821875, 48.839183830680177] 0.000000000000000 [2.459440186005836, 48.839196881411588] 0.000000000000000 [2.459553858046811, 48.839229556006032] 0.000000000000000 
[2.448964905228227, 48.841998869548007] 0.000000000000000 [2.449107284173482, 48.841796292727452] 0.000000000000000 
[2.449026356729921, 48.842086281163830] 0.000000000000000 [2.449546099133498, 48.841835949798458] 0.000000000000000 [2.450355331329347, 48.841578223760806] 0.000000000000000 [2.452157555720067, 48.841061048121261] 0.000000000000000 [2.452786317134120, 48.840904115972457] 0.000000000000000 
[2.461402657267118, 48.840139489451424] 0.000000000000000 [2.461157219861367, 48.839793185493079] 0.000000000000000 [2.460833155467734, 48.839453809523945] 0.000000000000000 [2.460444447801748, 48.839112865708316] 0.000000000000000 [2.460357878576647, 48.839028238815068] 0.000000000000000 
[2.462957565357346, 48.838324576212131] 0.000000000000000 [2.463012494194567, 48.838485711371327] 0.000000000000000 [2.463335509772458, 48.838703580278292] 0.000000000000000 [2.463614900648114, 48.838812379314582] 0.000000000000000 [2.463932120295683, 48.838881792642354] 0.000000000000000 [2.464176018684623, 48.838892248599215] 0.000000000000000 [2.464438825849728, 48.838875866499308] 0.000000000000000 [2.464531653660931, 48.838885834129435] 0.000000000000000 
[2.446483798227691, 48.844974785455790] 0.000000000000000 [2.447205140492201, 48.844915960194903] 0.000000000000000 
[2.449398205106565, 48.842346884972677] 0.000000000000000 [2.449293306007185, 48.842337932898211] 0.000000000000000 [2.449061190437300, 48.842278170470166] 0.000000000000000 [2.448779202605973, 48.842384823663068] 0.000000000000000 
[2.462597479975219, 48.839550032246514] 0.000000000000000 [2.462352001383290, 48.840270623975371] 0.000000000000000 [2.462121701349043, 48.841270432685569] 0.000000000000000 [2.462061943606473, 48.841356289727528] 0.000000000000000 
[2.446572675973489, 48.839941827438899] 0.000000000000000 [2.447253499775503, 48.839780288740819] 0.000000000000000 [2.447585444259844, 48.839690848609493] 0.000000000000000 [2.447781845691838, 48.839606575570237] 0.000000000000000 
[2.444185219823722, 48.845817356550334] 0.000000000000000 [2.443963619424038, 48.845735379749321] 0.000000000000000 [2.443636199097333, 48.845598637262647] 0.000000000000000 [2.443334425783138, 48.845476887580347] 0.000000000000000 [2.443021288953362, 48.845366416052990] 0.000000000000000 [2.442743011383643, 48.845271172019686] 0.000000000000000 [2.442426947150259, 48.845147859601830] 0.000000000000000 [2.442292477790123, 48.845068586227626] 0.000000000000000 [2.442032099444658, 48.844931876542240] 0.000000000000000 
[2.461402657267118, 48.840139489451424] 0.000000000000000 [2.461503565079061, 48.840089046536711] 0.000000000000000 [2.461657270968854, 48.840019940307556] 0.000000000000000 [2.462081558013164, 48.839783747383336] 0.000000000000000 [2.462284594056506, 48.839688029886716] 0.000000000000000 [2.462597479975219, 48.839550032246514] 0.000000000000000 
[2.450789347064485, 48.844432993859591] 0.000000000000000 [2.450682130485703, 48.844121861609864] 0.000000000000000 
[2.458052130484544, 48.838837126811342] 0.000000000000000 [2.459171957722410, 48.838887818484309] 0.000000000000000 
[2.459295643902865, 48.838992900815057] 0.000000000000000 [2.459300254821875, 48.839183830680177] 0.000000000000000 
[2.463136570924542, 48.842217313688188] 0.000000000000000 [2.463059142632371, 48.842178748162922] 0.000000000000000 [2.462779190431020, 48.842033276372590] 0.000000000000000 [2.462553038866930, 48.841870279790641] 0.000000000000000 [2.462329389693688, 48.841677361705230] 0.000000000000000 [2.462139897076828, 48.841468676375229] 0.000000000000000 [2.462061943606473, 48.841356289727528] 0.000000000000000 
[2.450819731488124, 48.844505166979147] 0.000000000000000 [2.452240892008011, 48.844270698230332] 0.000000000000000 
[2.452786317134120, 48.840904115972457] 0.000000000000000 [2.452885017621283, 48.840802702860273] 0.000000000000000 [2.452983208491367, 48.840564555632554] 0.000000000000000 [2.453153186446059, 48.840212297056539] 0.000000000000000 [2.453310178739105, 48.839929431555930] 0.000000000000000 [2.453417487179644, 48.839752407036997] 0.000000000000000 [2.453663694801235, 48.839416553801925] 0.000000000000000 [2.453708295490644, 48.839392218557656] 0.000000000000000 [2.453844700821127, 48.839290622377867] 0.000000000000000 [2.454059843330589, 48.839157712775375] 0.000000000000000 [2.454382623915951, 48.838990879008122] 0.000000000000000 [2.454673982553107, 48.838862233492101] 0.000000000000000 [2.454896978816258, 48.838722380944724] 0.000000000000000 [2.455114599213790, 48.838527902626005] 0.000000000000000 [2.455261409237077, 48.838387265215495] 0.000000000000000 [2.455473558841897, 48.838105202566823] 0.000000000000000 [2.455511278982304, 48.838018490964267] 0.000000000000000 [2.455544641782715, 48.837938447132011] 0.000000000000000 
[2.446483798227691, 48.844974785455790] 0.000000000000000 [2.446475499319817, 48.844924677411704] 0.000000000000000 
[2.446650488867579, 48.845797481604059] 0.000000000000000 [2.446483798227691, 48.844974785455790] 0.000000000000000 
[2.459161755949459, 48.839310327641783] 0.000000000000000 [2.459553858046811, 48.839229556006032] 0.000000000000000 
[2.451952624554892, 48.837512700069659] 0.000000000000000 [2.453042878340581, 48.836932100254387] 0.000000000000000 [2.453235946877555, 48.836829924554394] 0.000000000000000 [2.453468982148041, 48.836749561625922] 0.000000000000000 [2.453659637074231, 48.836722837577490] 0.000000000000000 [2.454208713038569, 48.836697902995247] 0.000000000000000 [2.454574010420789, 48.836670907602141] 0.000000000000000 
[2.459171957722410, 48.838887818484309] 0.000000000000000 [2.459387390544369, 48.838907371210283] 0.000000000000000 [2.459724083844061, 48.838881927893105] 0.000000000000000 [2.460035279055449, 48.838836439698049] 0.000000000000000 [2.460646297107638, 48.838594546172942] 0.000000000000000 
[2.447781845691838, 48.839606575570237] 0.000000000000000 [2.448086574126523, 48.839532447656715] 0.000000000000000 [2.448464313111870, 48.839392069943884] 0.000000000000000 [2.449288363064423, 48.838954382157631] 0.000000000000000 [2.451952624554892, 48.837512700069659] 0.000000000000000 
[2.467774367095206, 48.836984510382557] 0.000000000000000 [2.469758383921765, 48.836433465576206] 0.000000000000000 
[2.452101115336750, 48.842151442428090] 0.000000000000000 [2.452132868506449, 48.842049252131304] 0.000000000000000 [2.452533706805626, 48.841410135221082] 0.000000000000000 [2.452716786147571, 48.841094033077965] 0.000000000000000 [2.452750675795929, 48.841026696916977] 0.000000000000000 [2.452786317134120, 48.840904115972457] 0.000000000000000 
[2.461325855367772, 48.838742591744897] 0.000000000000000 [2.462957565357346, 48.838324576212131] 0.000000000000000 
[2.456337970872011, 48.841277289956359] 0.000000000000000 [2.456427808122516, 48.841226368440047] 0.000000000000000 [2.456594499507468, 48.841153460520346] 0.000000000000000 [2.456773813927018, 48.841095079406401] 0.000000000000000 [2.457163930915693, 48.840980370388770] 0.000000000000000 [2.457557248102112, 48.840882283891318] 0.000000000000000 [2.457875077994280, 48.840819599781121] 0.000000000000000 [2.458142564351500, 48.840767364838726] 0.000000000000000 [2.458303099002500, 48.840752642779023] 0.000000000000000 [2.458488831365159, 48.840746213303724] 0.000000000000000 [2.458762799587977, 48.840770857088096] 0.000000000000000 [2.459096553811385, 48.840780886269471] 0.000000000000000 [2.459458575580784, 48.840761792538636] 0.000000000000000 [2.459716641384734, 48.840724114337441] 0.000000000000000 [2.460040767616663, 48.840658297081823] 0.000000000000000 [2.460333349675930, 48.840574860381821] 0.000000000000000 [2.460695121020872, 48.840456006240480] 0.000000000000000 [2.461225428906870, 48.840222281917328] 0.000000000000000 [2.461402657267118, 48.840139489451424] 0.000000000000000 
[2.442032099444658, 48.844931876542240] 0.000000000000000 [2.441908757115018, 48.844940515086897] 0.000000000000000 [2.441761922229532, 48.844967314237806] 0.000000000000000 [2.441530706635426, 48.845025701222276] 0.000000000000000 [2.441338087907428, 48.845103422416358] 0.000000000000000 [2.441125351156721, 48.845216313834541] 0.000000000000000 [2.440991398390442, 48.845252794390248] 0.000000000000000 [2.440699370744143, 48.845252782129329] 0.000000000000000 
[2.447205140492201, 48.844915960194903] 0.000000000000000 [2.447718355818593, 48.844874104855208] 0.000000000000000 [2.448711289580802, 48.844770302676814] 0.000000000000000 [2.449484654718773, 48.844685557429891] 0.000000000000000 [2.450819731488124, 48.844505166979147] 0.000000000000000 
[2.447452378621725, 48.843891120703162] 0.000000000000000 [2.448127406726296, 48.843795374272233] 0.000000000000000 [2.448841567665497, 48.843648156273382] 0.000000000000000 [2.449441309883647, 48.843514787255110] 0.000000000000000 [2.449749738595012, 48.843397729074333] 0.000000000000000 [2.450064997013334, 48.843241751388078] 0.000000000000000 [2.450185938274570, 48.843114176387438] 0.000000000000000 
[2.460294156889157, 48.838949378183585] 0.000000000000000 [2.460357878576647, 48.839028238815068] 0.000000000000000 
[2.459161755949459, 48.839310327641783] 0.000000000000000 [2.459300254821875, 48.839183830680177] 0.000000000000000 
[2.440530132027450, 48.844440134085865] 0.000000000000000 [2.441078982893202, 48.844388384008077] 0.000000000000000 
[2.467239529857494, 48.839084027788473] 0.000000000000000 [2.467239542394833, 48.839084000863657] 0.000000000000000 [2.468450514274379, 48.837878152655797] 0.000000000000000 [2.469313215077344, 48.837112192338857] 0.000000000000000 [2.469345905933462, 48.837079815723570] 0.000000000000000 [2.469367575149683, 48.837057317307980] 0.000000000000000 [2.469388656887901, 48.837034577053046] 0.000000000000000 [2.469409125355597, 48.837011585851194] 0.000000000000000 [2.469428980278563, 48.836988370682100] 0.000000000000000 [2.469448235290058, 48.836964930707268] 0.000000000000000 [2.469466848139670, 48.836941267538201] 0.000000000000000 [2.469484848634860, 48.836917397495903] 0.000000000000000 [2.469502208157897, 48.836893321352981] 0.000000000000000 [2.469518926517260, 48.836869057995436] 0.000000000000000 [2.469535005185854, 48.836844596637683] 0.000000000000000 [2.469550427615029, 48.836819956992514] 0.000000000000000 [2.469565197910840, 48.836795137279601] 0.000000000000000 [2.469579297887824, 48.836770184185099] 0.000000000000000 [2.469579311785656, 48.836770157266024] 0.000000000000000 [2.469641322827154, 48.836678421691424] 0.000000000000000 [2.469701085451301, 48.836586041163713] 0.000000000000000 [2.469707040146838, 48.836576564953447] 0.000000000000000 [2.469711800084568, 48.836568555694065] 0.000000000000000 [2.469716342587686, 48.836560492408417] 0.000000000000000 [2.469720666284876, 48.836552375989761] 0.000000000000000 [2.469724786079468, 48.836544214598483] 0.000000000000000 [2.469728687068210, 48.836536000074247] 0.000000000000000 [2.469732370439815, 48.836527749510182] 0.000000000000000 [2.469735822570958, 48.836519462845921] 0.000000000000000 [2.469739069519957, 48.836511123109126] 0.000000000000000 [2.469742085137202, 48.836502756265389] 0.000000000000000 [2.469744896761024, 48.836494353442191] 0.000000000000000 [2.469747475681796, 48.836485924405352] 0.000000000000000 [2.469749823362715, 48.836477459268323] 0.000000000000000 [2.469751953234980, 48.836468976977258] 0.000000000000000 [2.469753865408476, 48.836460466740277] 0.000000000000000 [2.469755544870409, 48.836451931188961] 0.000000000000000 [2.469756992818366, 48.836443386517075] 0.000000000000000 [2.469758383921765, 48.836433465576206] 0.000000000000000 
[2.456337970872011, 48.841277289956359] 0.000000000000000 [2.456352169394676, 48.841193192877277] 0.000000000000000 [2.456408421969988, 48.841022729396663] 0.000000000000000 [2.456489774641505, 48.840808589417534] 0.000000000000000 [2.456593204696490, 48.840615216816843] 0.000000000000000 [2.456668496851847, 48.840504994792688] 0.000000000000000 [2.456850506046637, 48.840259579663446] 0.000000000000000 [2.457123813053441, 48.840011990231631] 0.000000000000000 [2.457387374727000, 48.839735706050725] 0.000000000000000 
[2.452240892008011, 48.844270698230332] 0.000000000000000 [2.453648008621768, 48.844084095655219] 0.000000000000000 [2.454220357883124, 48.844020612043607] 0.000000000000000 
[2.455544641782715, 48.837938447132011] 0.000000000000000 [2.455603043292776, 48.837972532372525] 0.000000000000000 [2.455894635439084, 48.838167461021314] 0.000000000000000 [2.456184494390631, 48.838320304619955] 0.000000000000000 [2.456447979460751, 48.838439182150253] 0.000000000000000 [2.456769221054361, 48.838554671797858] 0.000000000000000 [2.457063977195314, 48.838646177723660] 0.000000000000000 [2.457425226384615, 48.838741838273577] 0.000000000000000 [2.457786415842786, 48.838812588871107] 0.000000000000000 [2.458052130484544, 48.838837126811342] 0.000000000000000 
[2.462957565357346, 48.838324576212131] 0.000000000000000 [2.462597479975219, 48.839550032246514] 0.000000000000000 
[2.442301968811200, 48.844274876825629] 0.000000000000000 [2.442840491764320, 48.844236886393837] 0.000000000000000 [2.445485657489248, 48.844007328582322] 0.000000000000000 [2.445930924619975, 48.843949259979503] 0.000000000000000 [2.446668124004305, 48.843809523742671] 0.000000000000000 [2.447330187962308, 48.843643326750865] 0.000000000000000 
[2.447330187962308, 48.843643326750865] 0.000000000000000 [2.447466070247432, 48.843479166784405] 0.000000000000000 [2.447949837276821, 48.843154786402053] 0.000000000000000 [2.448472536928434, 48.842696804583873] 0.000000000000000 [2.448779202605973, 48.842384823663068] 0.000000000000000 
[2.464920312996997, 48.838731577314093] 0.000000000000000 [2.465449360522726, 48.838409660948912] 0.000000000000000 [2.465837786435743, 48.838194608981063] 0.000000000000000 [2.467356637517604, 48.837338252261112] 0.000000000000000 [2.467524690099648, 48.837219256488062] 0.000000000000000 [2.467774367095206, 48.836984510382557] 0.000000000000000 
[2.462597479975219, 48.839550032246514] 0.000000000000000 [2.463133554844095, 48.839374000039612] 0.000000000000000 [2.463444656682108, 48.839286614188538] 0.000000000000000 [2.463872825682688, 48.839141074701708] 0.000000000000000 [2.464531653660931, 48.838885834129435] 0.000000000000000 
[2.450682130485703, 48.844121861609864] 0.000000000000000 [2.450535295900715, 48.844145541770764] 0.000000000000000 [2.446874403073953, 48.844303926632357] 0.000000000000000 
[2.462705012553601, 48.836834906289688] 0.000000000000000 [2.462764633689367, 48.836649471999564] 0.000000000000000 [2.462834103438983, 48.836215863550933] 0.000000000000000 [2.462820820074648, 48.835962317970683] 0.000000000000000 [2.462814492491459, 48.835841425675227] 0.000000000000000 [2.462764507137043, 48.835629782667688] 0.000000000000000 [2.462614620715891, 48.835236244252499] 0.000000000000000 
[2.460357878576647, 48.839028238815068] 0.000000000000000 [2.460444971874958, 48.839005644144514] 0.000000000000000 [2.461325855367772, 48.838742591744897] 0.000000000000000 
[2.449026356729921, 48.842086281163830] 0.000000000000000 [2.448964905228227, 48.841998869548007] 0.000000000000000 
[2.462957565357346, 48.838324576212131] 0.000000000000000 [2.466275229017326, 48.837388163205198] 0.000000000000000 [2.467774367095206, 48.836984510382557] 0.000000000000000 
[2.449398205106565, 48.842346884972677] 0.000000000000000 [2.449026356729921, 48.842086281163830] 0.000000000000000 
[2.463136570924542, 48.842217313688188] 0.000000000000000 [2.463230553424308, 48.842180545364819] 0.000000000000000 [2.463356107599783, 48.842129444406950] 0.000000000000000 [2.463480294718347, 48.842076905414366] 0.000000000000000 [2.463603075067924, 48.842022947099480] 0.000000000000000 [2.463724407666743, 48.841967579175666] 0.000000000000000 [2.463844265093697, 48.841910817712510] 0.000000000000000 [2.463962592549376, 48.841852691248079] 0.000000000000000 [2.464079376312333, 48.841793208718798] 0.000000000000000 [2.464194563057803, 48.841732387877208] 0.000000000000000 [2.464308125339171, 48.841670247491201] 0.000000000000000 [2.464420020658336, 48.841606812556883] 0.000000000000000 [2.464442463983831, 48.841592642091122] 0.000000000000000 [2.464450652653850, 48.841587480486325] 0.000000000000000 [2.464458827706948, 48.841582317920619] 0.000000000000000 [2.464472973871996, 48.841573390409813] 0.000000000000000 [2.464483882194435, 48.841566498929438] 0.000000000000000 [2.464493118678673, 48.841560670195022] 0.000000000000000 [2.464505088442443, 48.841553111646959] 0.000000000000000 [2.464511643876401, 48.841548967990057] 0.000000000000000 [2.464523084186416, 48.841541751522584] 0.000000000000000 [2.464532360357975, 48.841535904975636] 0.000000000000000 [2.464543771948887, 48.841528698270452] 0.000000000000000 [2.464556299859284, 48.841520787869982] 0.000000000000000 [2.464570473517343, 48.841511833489811] 0.000000000000000 [2.464582470600204, 48.841504266062458] 0.000000000000000 [2.464594412987304, 48.841496717275518] 0.000000000000000 [2.464608545296518, 48.841487807673303] 0.000000000000000 [2.464618365984752, 48.841481609211073] 0.000000000000000 [2.464630335712201, 48.841474050649929] 0.000000000000000 [2.464643394304019, 48.841465808055439] 0.000000000000000 [2.464658478571538, 48.841456276757150] 0.000000000000000 [2.464833088697774, 48.841341458685626] 0.000000000000000 [2.465004642038871, 48.841224639107978] 0.000000000000000 [2.465173082190613, 48.841105870846384] 0.000000000000000 [2.465338343564166, 48.840985172506706] 0.000000000000000 [2.465500395728693, 48.840862588933241] 0.000000000000000 [2.465659174276320, 48.840738156724143] 0.000000000000000 [2.465814636526538, 48.840611919769614] 0.000000000000000 [2.465966741319466, 48.840483906677512] 0.000000000000000 [2.466115435078078, 48.840354161289262] 0.000000000000000 [2.466260676479896, 48.840222728400292] 0.000000000000000 [2.466271631263583, 48.840212446391021] 0.000000000000000 [2.466275586492073, 48.840208728118803] 0.000000000000000 [2.466280314816356, 48.840204289315267] 0.000000000000000 [2.466284990907260, 48.840199895246158] 0.000000000000000 [2.466290629949836, 48.840194601621711] 0.000000000000000 [2.466296746486146, 48.840188847859046] 0.000000000000000 [2.466301298657568, 48.840184580045388] 0.000000000000000 [2.466305593642200, 48.840180546715096] 0.000000000000000 [2.466309793605958, 48.840176611889689] 0.000000000000000 [2.466315432643496, 48.840171318263991] 0.000000000000000 [2.466322214978328, 48.840164943318101] 0.000000000000000 [2.466327501807353, 48.840159982680383] 0.000000000000000 [2.466331864292589, 48.840155876802505] 0.000000000000000 [2.466338469111940, 48.840149672840390] 0.000000000000000 [2.466342491549981, 48.840145909897913] 0.000000000000000 [2.466347153914061, 48.840141524758536] 0.000000000000000 [2.466352440738337, 48.840136564119639] 0.000000000000000 [2.466356734361816, 48.840132529881934] 0.000000000000000 [2.466361410430633, 48.840128136708884] 0.000000000000000 [2.466365731485296, 48.840124084606117] 0.000000000000000 [2.466370937186528, 48.840119195552823] 0.000000000000000 [2.466374525024512, 48.840115828185219] 0.000000000000000 [2.466378642486610, 48.840111965836975] 0.000000000000000 [2.466385587054229, 48.840105446814782] 0.000000000000000 [2.466390494233348, 48.840100837027634] 0.000000000000000 [2.466394122039475, 48.840097424870002] 0.000000000000000 [2.466402425824067, 48.840089627631251] 0.000000000000000 [2.466440732450850, 48.840051526455184] 0.000000000000000 [2.466467756538949, 48.840023384764031] 0.000000000000000 [2.466494043804639, 48.839994946590330] 0.000000000000000 [2.466519568537671, 48.839966194732199] 0.000000000000000 [2.466544342641547, 48.839937164318002] 0.000000000000000 [2.466568325318339, 48.839907847971375] 0.000000000000000 [2.466591543651619, 48.839878262001960] 0.000000000000000 [2.467239529857494, 48.839084027788473] 0.000000000000000 
[2.459171957722410, 48.838887818484309] 0.000000000000000 [2.459295643902865, 48.838992900815057] 0.000000000000000 
[2.454574010420789, 48.836670907602141] 0.000000000000000 [2.455261844705411, 48.836622443160500] 0.000000000000000 [2.455452583885719, 48.836631597444800] 0.000000000000000 [2.455542817244755, 48.836652545947672] 0.000000000000000 [2.455705635449136, 48.836721081477123] 0.000000000000000 [2.455940251458878, 48.836905367896996] 0.000000000000000 
[2.464920312996997, 48.838731577314093] 0.000000000000000 [2.465377030000309, 48.838698158710081] 0.000000000000000 [2.465717715737890, 48.838721946225967] 0.000000000000000 [2.466084140297469, 48.838784391350337] 0.000000000000000 [2.466498266715693, 48.838880629147589] 0.000000000000000 [2.466908796088368, 48.838996213491569] 0.000000000000000 [2.467239529857494, 48.839084027788473] 0.000000000000000 
[2.459553858046811, 48.839229556006032] 0.000000000000000 [2.460357878576647, 48.839028238815068] 0.000000000000000 
[2.460240338044950, 48.837858343497487] 0.000000000000000 [2.460262186683899, 48.837807483614291] 0.000000000000000 [2.460233300881784, 48.837607471142327] 0.000000000000000 [2.460238985376332, 48.837455334530546] 0.000000000000000 [2.460287149923390, 48.837315165763840] 0.000000000000000 [2.460395826729088, 48.837114878092635] 0.000000000000000 [2.460540842891207, 48.836901214353340] 0.000000000000000 [2.460724231807592, 48.836676159465519] 0.000000000000000 [2.460901608925438, 48.836466453489244] 0.000000000000000 [2.461010383068218, 48.836312216304606] 0.000000000000000 [2.461076809487199, 48.836198709914314] 0.000000000000000 [2.461152716571517, 48.836073987118979] 0.000000000000000 
[2.446874403073953, 48.844303926632357] 0.000000000000000 [2.446682219491811, 48.844455640106425] 0.000000000000000 [2.446554882280966, 48.844604682701871] 0.000000000000000 [2.446506662992311, 48.844733955609740] 0.000000000000000 [2.446480462346369, 48.844839196237110] 0.000000000000000 [2.446475499319817, 48.844924677411704] 0.000000000000000 
[2.457387374727000, 48.839735706050725] 0.000000000000000 [2.457557295243586, 48.839592163369538] 0.000000000000000 [2.457682581262330, 48.839419854539727] 0.000000000000000 [2.457983103695489, 48.838944511088165] 0.000000000000000 [2.458052130484544, 48.838837126811342] 0.000000000000000 
[2.448779202605973, 48.842384823663068] 0.000000000000000 [2.449032298538418, 48.842189800847429] 0.000000000000000 [2.449026356729921, 48.842086281163830] 0.000000000000000 
[2.448779202605973, 48.842384823663068] 0.000000000000000 [2.448886405890203, 48.842188369768756] 0.000000000000000 [2.449026356729921, 48.842086281163830] 0.000000000000000 
[2.449026356729921, 48.842086281163830] 0.000000000000000 [2.449144202529567, 48.841970275615964] 0.000000000000000 [2.449107284173482, 48.841796292727452] 0.000000000000000 
[2.457387374727000, 48.839735706050725] 0.000000000000000 [2.459161755949459, 48.839310327641783] 0.000000000000000 
[2.447330187962308, 48.843643326750865] 0.000000000000000 [2.447384398514075, 48.843440002223574] 0.000000000000000 [2.447347429988351, 48.843370020024537] 0.000000000000000 [2.447167720504343, 48.842570108306916] 0.000000000000000 [2.446960358259068, 48.841750959289328] 0.000000000000000 [2.446572675973489, 48.839941827438899] 0.000000000000000 
[2.455940251458878, 48.836905367896996] 0.000000000000000 [2.456066882983476, 48.837164497544954] 0.000000000000000 [2.456257208810988, 48.837397759626462] 0.000000000000000 [2.456433052234004, 48.837555658625774] 0.000000000000000 [2.456871366312066, 48.837863919499981] 0.000000000000000 [2.457329300261225, 48.838115413915688] 0.000000000000000 [2.457579892233977, 48.838253457826845] 0.000000000000000 [2.457703635822723, 48.838384261052290] 0.000000000000000 [2.458052130484544, 48.838837126811342] 0.000000000000000 
[2.456736299913617, 48.843626943134311] 0.000000000000000 [2.456698542313362, 48.843557459452242] 0.000000000000000 [2.456555578780122, 48.843013655774939] 0.000000000000000 [2.456431471942195, 48.842548094755607] 0.000000000000000 [2.456367415093093, 48.842322821365812] 0.000000000000000 [2.456313771763522, 48.842025927502895] 0.000000000000000 [2.456283967139684, 48.841732497376462] 0.000000000000000 [2.456280485473845, 48.841388384072289] 0.000000000000000 [2.456337970872011, 48.841277289956359] 0.000000000000000 
[2.446417092734757, 48.844963501112574] 0.000000000000000 [2.446130607233449, 48.844917588823257] 0.000000000000000 [2.445657763795607, 48.844879435465764] 0.000000000000000 [2.445356703051237, 48.844896691753370] 0.000000000000000 [2.445004305155086, 48.844952763521391] 0.000000000000000 [2.444802379094400, 48.844969924268483] 0.000000000000000 [2.444460881183432, 48.844970247390883] 0.000000000000000 [2.444020047746033, 48.844883414839146] 0.000000000000000 [2.443781345479444, 48.844873944891020] 0.000000000000000 [2.443282105152233, 48.844947118882658] 0.000000000000000 [2.443072942750396, 48.845015182373373] 0.000000000000000 [2.442599291068283, 48.845032583265166] 0.000000000000000 [2.442305539727494, 48.844989267552251] 0.000000000000000 [2.442032099444658, 48.844931876542240] 0.000000000000000 
[2.462061943606473, 48.841356289727528] 0.000000000000000 [2.461849263610167, 48.841021416414286] 0.000000000000000 [2.461686494014146, 48.840655877084224] 0.000000000000000 [2.461459125610854, 48.840214643774118] 0.000000000000000 [2.461402657267118, 48.840139489451424] 0.000000000000000 
